++++++++++++++++++++++++++++++BF+++++++++++++++++++++++++
(2378, [0, 1, 2, 3, 4, 5, 6], 0.0015975947537298068)
(2378, [0, 1, 2, 3, 4, 5, 6], 0.0015539656600536134)
(2378, [0, 1, 2, 3, 4, 5, 6], 0.0016271085523928974)
(2378, [0, 1, 2, 3, 4, 5, 6], 0.0015947075342954697)
(2378, [0, 1, 2, 3, 4, 5, 6], 0.001523489454911875)
(2378, [0, 1, 2, 3, 4, 5, 6], 0.001673624865504486)
(2378, [0, 1, 2, 3, 4, 5, 6], 0.0017653742830878727)
(2378, [0, 1, 2, 3, 4, 5, 6], 0.0015472288147071467)
(2378, [0, 1, 2, 3, 4, 5, 6], 0.0015700057680234636)
(2378, [0, 1, 2, 3, 4, 5, 6], 0.001585725073832478)
(2378, [0, 1, 2, 3, 4, 5, 6], 0.001930266593010491)
(2378, [0, 1, 2, 3, 4, 5, 6], 0.0020390185250414956)
(2378, [0, 1, 2, 3, 4, 5, 6], 0.0025247129943481075)
(2378, [0, 1, 2, 3, 4, 5, 6], 0.0020034094853499276)
# Po optymalizacji
(2378, [1, 2, 3, 4, 5, 6], 0.000993490219116211)
+++++++++++++++++++++++++++++++++++++++++++++++++++++++++