++++++++++++++++++++++++++++++BF+++++++++++++++++++++++++
(3114, [0, 1, 2, 3, 4, 5, 6, 7, 8, 9], 1.0347338914007698)
(3114, [0, 1, 2, 3, 4, 5, 6, 7, 8, 9], 1.0354364481298195)
(3114, [0, 1, 2, 3, 4, 5, 6, 7, 8, 9], 1.0181602894405404)
(3114, [0, 1, 2, 3, 4, 5, 6, 7, 8, 9], 1.0242561720731453)
(3114, [0, 1, 2, 3, 4, 5, 6, 7, 8, 9], 1.0218588175360726)
(3114, [0, 1, 2, 3, 4, 5, 6, 7, 8, 9], 1.028624214275311)
(3114, [0, 1, 2, 3, 4, 5, 6, 7, 8, 9], 1.02706383257207)
(3114, [0, 1, 2, 3, 4, 5, 6, 7, 8, 9], 1.0187537734354004)
(3114, [0, 1, 2, 3, 4, 5, 6, 7, 8, 9], 1.0439630487240734)
(3114, [0, 1, 2, 3, 4, 5, 6, 7, 8, 9], 1.0222662362784902)
(3114, [0, 1, 2, 3, 4, 5, 6, 7, 8, 9], 1.2213191641435577)
(3114, [0, 1, 2, 3, 4, 5, 6, 7, 8, 9], 1.208386025088012)
# Po optymalizacji
(3114, [1, 2, 3, 4, 5, 6, 7, 8, 9], 0.9349997043609619)
+++++++++++++++++++++++++++++++++++++++++++++++++++++++