final_cost=2610 | time=0.09453296661376953 | route=[22, 32, 8, 13, 21, 19, 17, 25, 24, 23, 15, 16, 30, 6, 4, 5, 26, 27, 29, 1, 33, 7, 9, 10, 0, 2, 3, 14, 12, 11, 31, 18, 20, 28] | tabu_value=3 | iter_number=10
final_cost=2418 | time=0.09453368186950684 | route=[32, 1, 3, 33, 30, 2, 25, 16, 14, 24, 21, 23, 26, 29, 15, 0, 27, 28, 22, 20, 31, 9, 6, 5, 10, 11, 8, 7, 12, 13, 17, 18, 19, 4] | tabu_value=3 | iter_number=10
final_cost=2518 | time=0.09550714492797852 | route=[19, 20, 26, 29, 22, 9, 13, 23, 24, 17, 8, 12, 10, 11, 31, 18, 21, 27, 14, 16, 32, 7, 6, 33, 30, 28, 0, 25, 1, 3, 2, 5, 4, 15] | tabu_value=3 | iter_number=10
final_cost=2400 | time=0.09448122978210449 | route=[2, 5, 29, 26, 18, 19, 31, 17, 20, 22, 24, 23, 21, 27, 25, 13, 12, 1, 0, 3, 33, 30, 4, 6, 32, 9, 10, 11, 7, 8, 15, 16, 14, 28] | tabu_value=3 | iter_number=10
final_cost=2377 | time=0.09603023529052734 | route=[27, 4, 6, 5, 30, 33, 29, 25, 3, 13, 15, 16, 1, 2, 18, 19, 31, 17, 11, 10, 14, 12, 8, 9, 0, 20, 21, 22, 32, 7, 26, 28, 24, 23] | tabu_value=3 | iter_number=10
final_cost=2102 | time=0.09700798988342285 | route=[20, 22, 1, 33, 30, 25, 14, 12, 11, 31, 19, 13, 24, 23, 26, 27, 28, 29, 0, 16, 15, 2, 3, 9, 18, 17, 7, 4, 5, 6, 32, 8, 10, 21] | tabu_value=3 | iter_number=10
final_cost=2614 | time=0.09803295135498047 | route=[13, 20, 21, 14, 0, 25, 27, 1, 3, 15, 16, 12, 10, 9, 28, 26, 29, 30, 33, 4, 7, 8, 17, 11, 31, 18, 19, 32, 5, 6, 2, 24, 23, 22] | tabu_value=3 | iter_number=10
final_cost=2412 | time=0.0930325984954834 | route=[1, 23, 19, 20, 27, 28, 25, 17, 18, 11, 10, 0, 26, 22, 21, 31, 9, 14, 24, 29, 2, 3, 7, 8, 16, 15, 6, 5, 30, 33, 13, 12, 32, 4] | tabu_value=3 | iter_number=10
final_cost=2249 | time=0.09453535079956055 | route=[15, 6, 5, 4, 16, 24, 23, 17, 12, 1, 33, 2, 3, 30, 29, 14, 26, 22, 20, 27, 28, 25, 0, 13, 21, 19, 31, 18, 9, 10, 32, 7, 8, 11] | tabu_value=3 | iter_number=10
final_cost=2194 | time=0.09349894523620605 | route=[7, 5, 6, 4, 1, 3, 33, 30, 2, 0, 32, 13, 15, 14, 16, 12, 24, 17, 19, 31, 11, 8, 9, 25, 28, 29, 27, 21, 20, 26, 22, 23, 10, 18] | tabu_value=3 | iter_number=10
final_cost=2447 | time=0.09253501892089844 | route=[21, 20, 27, 14, 32, 0, 1, 22, 29, 16, 24, 23, 31, 19, 17, 18, 11, 10, 12, 13, 33, 2, 3, 15, 8, 7, 4, 5, 6, 9, 25, 26, 28, 30] | tabu_value=3 | iter_number=10
final_cost=2407 | time=0.0925300121307373 | route=[26, 33, 16, 0, 13, 2, 3, 30, 28, 29, 22, 23, 10, 12, 1, 24, 21, 19, 17, 8, 9, 25, 14, 15, 32, 6, 5, 4, 7, 11, 31, 18, 27, 20] | tabu_value=3 | iter_number=10
final_cost=2453 | time=0.09253239631652832 | route=[15, 20, 23, 26, 14, 12, 32, 6, 5, 22, 21, 19, 7, 9, 13, 25, 24, 31, 11, 10, 18, 17, 8, 0, 16, 1, 2, 3, 30, 29, 27, 28, 33, 4] | tabu_value=3 | iter_number=10
final_cost=2435 | time=0.09549832344055176 | route=[1, 32, 5, 12, 13, 0, 15, 16, 14, 4, 6, 2, 23, 17, 10, 31, 11, 8, 7, 25, 33, 30, 29, 26, 22, 18, 19, 20, 21, 24, 27, 28, 3, 9] | tabu_value=3 | iter_number=10
final_cost=2458 | time=0.09853363037109375 | route=[0, 13, 16, 15, 33, 4, 5, 30, 29, 23, 19, 32, 8, 9, 1, 3, 14, 11, 31, 27, 28, 2, 6, 10, 18, 17, 7, 12, 25, 24, 26, 22, 21, 20] | tabu_value=3 | iter_number=10
final_cost=2478 | time=0.09550142288208008 | route=[17, 18, 22, 26, 20, 21, 19, 27, 28, 29, 33, 5, 2, 3, 0, 4, 6, 32, 14, 16, 15, 24, 23, 1, 9, 12, 31, 11, 10, 7, 8, 13, 25, 30] | tabu_value=3 | iter_number=10
final_cost=2466 | time=0.09499692916870117 | route=[21, 31, 14, 16, 32, 7, 8, 9, 12, 1, 2, 13, 15, 33, 23, 11, 18, 19, 17, 4, 5, 30, 6, 10, 0, 26, 22, 24, 20, 27, 28, 29, 25, 3] | tabu_value=3 | iter_number=10
final_cost=2305 | time=0.09249377250671387 | route=[11, 22, 21, 20, 31, 18, 10, 26, 27, 28, 3, 14, 0, 13, 1, 2, 23, 17, 32, 7, 8, 4, 6, 5, 30, 33, 25, 24, 29, 16, 15, 12, 9, 19] | tabu_value=3 | iter_number=10
final_cost=2314 | time=0.09550142288208008 | route=[3, 33, 30, 28, 27, 21, 22, 17, 15, 16, 32, 7, 11, 19, 20, 31, 18, 26, 25, 24, 23, 29, 14, 12, 13, 0, 1, 2, 4, 6, 5, 9, 10, 8] | tabu_value=3 | iter_number=10
final_cost=2524 | time=0.09452962875366211 | route=[28, 29, 19, 31, 20, 21, 27, 7, 8, 32, 6, 4, 5, 30, 33, 3, 13, 15, 2, 14, 11, 18, 17, 22, 26, 1, 0, 12, 9, 16, 25, 24, 23, 10] | tabu_value=3 | iter_number=10
final_cost=2206 | time=0.09402894973754883 | route=[14, 12, 9, 11, 8, 10, 7, 32, 4, 5, 3, 29, 26, 25, 16, 0, 1, 2, 13, 15, 24, 17, 18, 19, 22, 23, 31, 21, 20, 27, 28, 30, 33, 6] | tabu_value=3 | iter_number=10
final_cost=2578 | time=0.09053421020507812 | route=[28, 6, 5, 4, 10, 0, 3, 1, 30, 33, 2, 12, 11, 25, 24, 17, 9, 23, 20, 21, 22, 29, 26, 27, 32, 7, 8, 15, 16, 13, 14, 19, 18, 31] | tabu_value=3 | iter_number=10
final_cost=2258 | time=0.09259748458862305 | route=[1, 33, 30, 2, 3, 16, 15, 0, 14, 12, 23, 17, 11, 8, 13, 19, 18, 20, 22, 25, 24, 29, 26, 28, 9, 7, 32, 6, 5, 4, 10, 31, 21, 27] | tabu_value=3 | iter_number=10
final_cost=2257 | time=0.09599828720092773 | route=[29, 24, 23, 17, 14, 2, 30, 33, 3, 13, 32, 7, 6, 5, 28, 26, 22, 20, 21, 31, 18, 19, 27, 25, 1, 4, 8, 16, 15, 12, 0, 9, 10, 11] | tabu_value=3 | iter_number=10
final_cost=2197 | time=0.09349656105041504 | route=[30, 33, 28, 20, 21, 31, 18, 8, 0, 1, 3, 13, 24, 11, 10, 25, 23, 29, 26, 27, 22, 19, 17, 9, 12, 4, 32, 7, 14, 15, 16, 2, 6, 5] | tabu_value=3 | iter_number=10
final_cost=2711 | time=0.095489501953125 | route=[25, 2, 32, 8, 31, 18, 20, 21, 26, 29, 5, 6, 24, 17, 16, 15, 1, 3, 0, 7, 4, 10, 11, 9, 13, 33, 30, 27, 28, 12, 14, 22, 23, 19] | tabu_value=3 | iter_number=10
final_cost=2223 | time=0.0969991683959961 | route=[15, 0, 9, 12, 26, 27, 28, 30, 2, 3, 4, 5, 6, 7, 16, 14, 32, 8, 11, 18, 20, 21, 31, 19, 17, 22, 24, 23, 10, 13, 25, 1, 33, 29] | tabu_value=3 | iter_number=10
final_cost=2271 | time=0.09653282165527344 | route=[2, 12, 16, 29, 25, 17, 19, 22, 20, 21, 27, 28, 26, 24, 23, 11, 10, 9, 13, 5, 4, 7, 32, 8, 31, 18, 0, 15, 14, 1, 3, 33, 30, 6] | tabu_value=3 | iter_number=10
final_cost=2377 | time=0.0965268611907959 | route=[4, 5, 6, 28, 27, 15, 16, 14, 25, 23, 17, 12, 1, 29, 26, 20, 22, 21, 31, 18, 10, 13, 30, 33, 2, 11, 7, 32, 8, 9, 3, 0, 24, 19] | tabu_value=3 | iter_number=10
final_cost=2204 | time=0.09250092506408691 | route=[10, 13, 15, 24, 23, 20, 21, 17, 11, 31, 9, 0, 3, 29, 25, 1, 33, 30, 2, 12, 7, 4, 5, 6, 32, 8, 18, 19, 22, 27, 28, 16, 14, 26] | tabu_value=3 | iter_number=10
final_cost=2189 | time=0.09747982025146484 | route=[33, 30, 21, 19, 31, 18, 17, 14, 15, 23, 22, 29, 26, 28, 25, 2, 6, 4, 5, 10, 11, 8, 32, 7, 9, 16, 13, 12, 0, 1, 3, 24, 20, 27] | tabu_value=3 | iter_number=10
final_cost=2486 | time=0.09253478050231934 | route=[16, 0, 14, 13, 3, 23, 22, 9, 25, 1, 29, 26, 17, 10, 11, 31, 18, 21, 19, 12, 15, 32, 7, 8, 24, 20, 27, 6, 4, 5, 30, 28, 33, 2] | tabu_value=3 | iter_number=10
final_cost=2154 | time=0.09903740882873535 | route=[15, 12, 8, 13, 14, 30, 33, 2, 16, 25, 24, 23, 19, 20, 29, 26, 22, 27, 28, 21, 18, 11, 31, 17, 9, 4, 5, 6, 7, 10, 1, 3, 0, 32] | tabu_value=3 | iter_number=10
final_cost=2377 | time=0.09253072738647461 | route=[4, 1, 33, 3, 11, 8, 10, 9, 24, 23, 26, 27, 21, 31, 20, 29, 30, 28, 16, 12, 32, 7, 6, 5, 2, 13, 0, 14, 15, 25, 17, 18, 19, 22] | tabu_value=3 | iter_number=10
final_cost=2489 | time=0.09049558639526367 | route=[15, 16, 13, 10, 7, 8, 12, 0, 25, 3, 14, 11, 18, 33, 30, 29, 20, 21, 23, 26, 22, 19, 17, 1, 2, 6, 5, 4, 32, 9, 27, 28, 24, 31] | tabu_value=3 | iter_number=10
final_cost=2197 | time=0.0905005931854248 | route=[6, 0, 25, 26, 22, 23, 19, 21, 20, 27, 28, 16, 15, 13, 32, 7, 9, 1, 3, 33, 30, 29, 24, 17, 11, 10, 8, 4, 5, 2, 14, 12, 18, 31] | tabu_value=3 | iter_number=10
final_cost=2431 | time=0.09103274345397949 | route=[5, 6, 4, 1, 3, 0, 10, 11, 31, 18, 2, 33, 30, 25, 27, 28, 29, 12, 8, 24, 20, 22, 21, 19, 17, 9, 14, 16, 15, 13, 7, 32, 23, 26] | tabu_value=3 | iter_number=10
final_cost=2443 | time=0.09253382682800293 | route=[27, 28, 2, 6, 5, 26, 22, 20, 21, 7, 4, 13, 0, 25, 31, 18, 19, 17, 11, 1, 33, 30, 29, 32, 8, 9, 14, 3, 24, 23, 10, 16, 15, 12] | tabu_value=3 | iter_number=10
final_cost=2413 | time=0.09175920486450195 | route=[29, 26, 25, 15, 14, 23, 27, 28, 1, 3, 30, 16, 0, 12, 17, 13, 33, 2, 4, 5, 6, 9, 32, 8, 11, 10, 7, 24, 31, 19, 22, 20, 21, 18] | tabu_value=3 | iter_number=10
final_cost=2270 | time=0.0930328369140625 | route=[32, 1, 15, 9, 7, 4, 6, 5, 12, 14, 16, 25, 26, 27, 17, 11, 8, 10, 0, 19, 31, 18, 20, 21, 28, 29, 22, 24, 23, 3, 30, 33, 2, 13] | tabu_value=3 | iter_number=10
final_cost=2578 | time=0.09600043296813965 | route=[23, 26, 29, 12, 9, 32, 8, 15, 16, 2, 4, 10, 13, 1, 30, 33, 3, 25, 27, 28, 14, 11, 31, 19, 18, 17, 5, 6, 0, 20, 22, 21, 24, 7] | tabu_value=3 | iter_number=10
final_cost=2261 | time=0.092498779296875 | route=[16, 25, 24, 20, 23, 1, 0, 14, 15, 19, 21, 31, 18, 17, 12, 5, 30, 27, 28, 29, 26, 22, 2, 3, 13, 32, 7, 6, 4, 9, 10, 11, 8, 33] | tabu_value=3 | iter_number=10
final_cost=2312 | time=0.09400010108947754 | route=[1, 30, 29, 24, 19, 21, 27, 28, 12, 9, 32, 6, 5, 4, 7, 11, 31, 17, 18, 10, 14, 16, 25, 15, 33, 3, 2, 0, 8, 13, 23, 26, 22, 20] | tabu_value=3 | iter_number=10
final_cost=2392 | time=0.09752583503723145 | route=[20, 26, 31, 18, 11, 21, 22, 19, 17, 14, 13, 24, 23, 27, 28, 29, 1, 12, 32, 8, 6, 5, 30, 33, 4, 16, 15, 9, 10, 7, 25, 2, 3, 0] | tabu_value=3 | iter_number=10
final_cost=2278 | time=0.09604525566101074 | route=[6, 5, 33, 30, 9, 12, 11, 10, 8, 23, 19, 17, 32, 4, 7, 13, 2, 3, 1, 0, 16, 26, 22, 27, 28, 29, 24, 20, 21, 31, 18, 15, 14, 25] | tabu_value=3 | iter_number=10
final_cost=2291 | time=0.09399890899658203 | route=[6, 9, 14, 15, 12, 26, 22, 21, 20, 31, 17, 11, 10, 18, 19, 27, 28, 33, 30, 3, 7, 32, 8, 0, 13, 25, 1, 4, 5, 24, 23, 29, 16, 2] | tabu_value=3 | iter_number=10
final_cost=2498 | time=0.09300065040588379 | route=[2, 3, 25, 24, 17, 18, 0, 33, 30, 28, 14, 16, 13, 4, 5, 9, 12, 15, 1, 29, 23, 19, 31, 11, 7, 32, 8, 10, 20, 26, 21, 22, 27, 6] | tabu_value=3 | iter_number=10
final_cost=2325 | time=0.09200000762939453 | route=[28, 30, 29, 22, 20, 21, 27, 25, 16, 0, 24, 23, 19, 31, 17, 18, 5, 4, 7, 32, 11, 10, 13, 33, 2, 6, 12, 8, 9, 1, 3, 15, 14, 26] | tabu_value=3 | iter_number=10
final_cost=2285 | time=0.09499883651733398 | route=[5, 6, 32, 7, 8, 10, 16, 15, 12, 13, 25, 0, 14, 19, 17, 11, 31, 18, 27, 28, 20, 22, 2, 3, 30, 29, 26, 24, 23, 21, 4, 9, 1, 33] | tabu_value=3 | iter_number=10
final_cost=2181 | time=0.09349775314331055 | route=[21, 18, 32, 6, 5, 4, 30, 26, 20, 22, 27, 28, 29, 0, 1, 3, 25, 14, 17, 11, 31, 19, 10, 9, 7, 8, 16, 12, 13, 33, 2, 15, 24, 23] | tabu_value=3 | iter_number=10
final_cost=2016 | time=0.45711207389831543 | route=[12, 14, 15, 4, 6, 5, 28, 26, 22, 33, 30, 29, 1, 2, 3, 16, 25, 24, 23, 11, 8, 10, 20, 21, 31, 18, 19, 17, 9, 32, 7, 13, 0, 27] | tabu_value=3 | iter_number=50
final_cost=1678 | time=0.458996057510376 | route=[12, 32, 7, 8, 9, 25, 1, 2, 3, 33, 30, 4, 6, 5, 29, 22, 20, 21, 31, 18, 17, 11, 10, 13, 14, 15, 0, 24, 23, 19, 26, 27, 28, 16] | tabu_value=3 | iter_number=50
final_cost=1746 | time=0.4584982395172119 | route=[30, 33, 2, 3, 1, 25, 24, 17, 11, 8, 10, 9, 16, 15, 14, 12, 32, 7, 5, 6, 4, 13, 0, 26, 20, 21, 31, 18, 19, 27, 28, 29, 22, 23] | tabu_value=3 | iter_number=50
final_cost=1805 | time=0.4660327434539795 | route=[24, 26, 27, 28, 33, 2, 3, 0, 25, 23, 19, 21, 31, 18, 17, 9, 16, 15, 14, 12, 11, 8, 10, 32, 7, 6, 5, 30, 4, 13, 1, 29, 22, 20] | tabu_value=3 | iter_number=50
final_cost=1807 | time=0.49199962615966797 | route=[30, 29, 25, 21, 27, 33, 2, 1, 3, 0, 13, 16, 15, 14, 12, 32, 8, 10, 11, 31, 18, 19, 20, 22, 24, 23, 17, 9, 7, 4, 6, 5, 28, 26] | tabu_value=3 | iter_number=50
final_cost=1883 | time=0.47403550148010254 | route=[19, 27, 28, 29, 26, 21, 31, 18, 17, 2, 3, 25, 24, 23, 11, 8, 10, 9, 12, 14, 15, 16, 13, 0, 1, 33, 30, 4, 32, 7, 6, 5, 22, 20] | tabu_value=3 | iter_number=50
final_cost=1774 | time=0.47200441360473633 | route=[20, 22, 26, 21, 19, 17, 9, 32, 7, 8, 10, 11, 31, 18, 6, 5, 2, 3, 33, 30, 4, 12, 13, 27, 28, 29, 14, 15, 16, 0, 1, 25, 24, 23] | tabu_value=3 | iter_number=50
final_cost=1759 | time=0.4616127014160156 | route=[11, 31, 18, 19, 17, 4, 6, 5, 2, 3, 0, 16, 14, 15, 12, 32, 7, 8, 24, 23, 20, 21, 22, 26, 27, 28, 33, 30, 29, 25, 10, 9, 13, 1] | tabu_value=3 | iter_number=50
final_cost=2026 | time=0.44103097915649414 | route=[28, 29, 25, 24, 23, 17, 11, 8, 9, 32, 7, 13, 1, 33, 2, 3, 0, 19, 18, 12, 14, 15, 16, 26, 22, 20, 21, 27, 30, 4, 5, 6, 10, 31] | tabu_value=3 | iter_number=50
final_cost=1862 | time=0.571561336517334 | route=[12, 14, 15, 16, 25, 24, 23, 17, 32, 7, 13, 0, 33, 30, 29, 31, 18, 19, 27, 28, 26, 22, 20, 21, 11, 10, 9, 1, 3, 2, 5, 6, 4, 8] | tabu_value=3 | iter_number=50
final_cost=1750 | time=0.4885234832763672 | route=[27, 28, 16, 15, 14, 4, 6, 5, 2, 3, 0, 24, 23, 26, 25, 1, 33, 30, 29, 22, 20, 31, 18, 19, 17, 13, 12, 32, 7, 8, 9, 10, 11, 21] | tabu_value=3 | iter_number=50
final_cost=1951 | time=0.466996431350708 | route=[28, 29, 22, 20, 21, 19, 4, 6, 5, 30, 33, 2, 32, 7, 9, 10, 11, 31, 18, 17, 13, 1, 3, 0, 16, 25, 24, 23, 26, 27, 15, 14, 12, 8] | tabu_value=3 | iter_number=50
final_cost=1975 | time=0.4615359306335449 | route=[17, 18, 27, 28, 2, 3, 0, 24, 23, 20, 21, 19, 9, 12, 10, 11, 31, 22, 26, 29, 1, 33, 30, 4, 6, 5, 16, 15, 14, 32, 7, 8, 13, 25] | tabu_value=3 | iter_number=50
final_cost=1868 | time=0.44403505325317383 | route=[1, 27, 28, 29, 25, 24, 26, 22, 19, 31, 18, 17, 13, 33, 30, 4, 6, 5, 2, 3, 16, 15, 14, 12, 9, 32, 7, 8, 10, 0, 23, 20, 21, 11] | tabu_value=3 | iter_number=50
final_cost=1957 | time=0.4374995231628418 | route=[8, 7, 12, 14, 15, 24, 23, 26, 29, 33, 30, 2, 3, 0, 1, 25, 22, 20, 21, 19, 32, 5, 6, 4, 10, 11, 31, 18, 17, 9, 13, 27, 28, 16] | tabu_value=3 | iter_number=50
final_cost=1665 | time=0.44664740562438965 | route=[12, 6, 5, 3, 33, 30, 27, 28, 29, 25, 1, 2, 4, 32, 7, 8, 24, 23, 26, 22, 20, 21, 31, 18, 19, 17, 11, 10, 14, 15, 16, 0, 13, 9] | tabu_value=3 | iter_number=50
final_cost=1801 | time=0.4504988193511963 | route=[5, 6, 30, 33, 4, 12, 14, 25, 29, 26, 22, 24, 23, 20, 21, 27, 28, 2, 3, 16, 15, 13, 32, 7, 8, 10, 11, 31, 18, 19, 17, 9, 0, 1] | tabu_value=3 | iter_number=50
final_cost=2167 | time=0.44949865341186523 | route=[10, 31, 17, 11, 8, 5, 4, 9, 12, 13, 32, 7, 18, 19, 22, 26, 33, 30, 2, 3, 0, 24, 20, 21, 27, 28, 29, 16, 14, 15, 1, 25, 23, 6] | tabu_value=3 | iter_number=50
final_cost=1941 | time=0.43703198432922363 | route=[33, 17, 11, 10, 4, 5, 6, 32, 7, 8, 9, 14, 15, 16, 0, 13, 12, 31, 18, 19, 29, 26, 27, 28, 30, 2, 3, 1, 25, 24, 23, 21, 20, 22] | tabu_value=3 | iter_number=50
final_cost=2049 | time=0.46303415298461914 | route=[15, 27, 28, 29, 14, 12, 10, 18, 19, 17, 0, 16, 25, 26, 22, 20, 31, 11, 8, 7, 4, 5, 6, 32, 9, 13, 1, 30, 33, 2, 3, 24, 23, 21] | tabu_value=3 | iter_number=50
final_cost=1661 | time=0.4524986743927002 | route=[5, 6, 4, 0, 1, 30, 26, 22, 20, 21, 27, 28, 29, 33, 2, 3, 16, 15, 14, 12, 9, 10, 13, 25, 24, 23, 19, 18, 17, 11, 31, 32, 7, 8] | tabu_value=3 | iter_number=50
final_cost=1766 | time=0.4715304374694824 | route=[19, 18, 17, 9, 12, 25, 26, 23, 32, 7, 4, 6, 5, 2, 33, 30, 27, 28, 29, 22, 20, 21, 31, 11, 8, 10, 13, 1, 3, 0, 15, 14, 16, 24] | tabu_value=3 | iter_number=50
final_cost=1922 | time=0.4499983787536621 | route=[14, 1, 33, 30, 6, 5, 4, 9, 12, 13, 0, 2, 3, 24, 23, 21, 20, 22, 26, 29, 25, 15, 16, 27, 28, 19, 11, 31, 17, 32, 7, 8, 10, 18] | tabu_value=3 | iter_number=50
final_cost=1829 | time=0.48999834060668945 | route=[7, 32, 8, 24, 23, 20, 21, 19, 0, 13, 12, 9, 10, 11, 31, 18, 17, 4, 6, 5, 2, 3, 33, 30, 29, 25, 1, 22, 26, 27, 28, 16, 15, 14] | tabu_value=3 | iter_number=50
final_cost=1865 | time=0.4480006694793701 | route=[11, 8, 10, 13, 25, 24, 20, 21, 31, 1, 33, 30, 2, 3, 32, 7, 4, 5, 6, 12, 14, 15, 16, 19, 18, 17, 9, 0, 26, 27, 28, 29, 22, 23] | tabu_value=3 | iter_number=50
final_cost=1595 | time=0.45450353622436523 | route=[1, 2, 3, 33, 30, 26, 27, 28, 29, 25, 16, 14, 15, 12, 13, 5, 6, 4, 32, 7, 8, 9, 10, 18, 19, 21, 20, 22, 24, 23, 17, 11, 31, 0] | tabu_value=3 | iter_number=50
final_cost=1775 | time=0.44452357292175293 | route=[2, 3, 0, 13, 7, 8, 9, 12, 15, 14, 16, 25, 24, 23, 20, 21, 31, 18, 32, 4, 6, 5, 30, 29, 27, 28, 22, 19, 17, 11, 10, 1, 33, 26] | tabu_value=3 | iter_number=50
final_cost=2044 | time=0.4705328941345215 | route=[0, 32, 8, 13, 33, 30, 26, 22, 20, 21, 19, 17, 7, 4, 5, 6, 12, 9, 10, 11, 31, 18, 14, 15, 16, 2, 3, 1, 29, 25, 24, 27, 28, 23] | tabu_value=3 | iter_number=50
final_cost=1662 | time=0.45350074768066406 | route=[25, 1, 3, 33, 30, 26, 22, 20, 21, 31, 18, 10, 9, 32, 7, 4, 6, 5, 2, 0, 13, 12, 15, 27, 28, 29, 16, 14, 24, 23, 19, 17, 11, 8] | tabu_value=3 | iter_number=50
final_cost=1934 | time=0.4479665756225586 | route=[17, 18, 19, 27, 28, 4, 6, 5, 26, 22, 24, 23, 20, 21, 31, 11, 8, 10, 9, 12, 13, 33, 30, 29, 25, 0, 16, 14, 15, 1, 2, 3, 32, 7] | tabu_value=3 | iter_number=50
final_cost=2094 | time=0.45603203773498535 | route=[5, 28, 26, 22, 24, 23, 11, 31, 18, 20, 21, 19, 17, 33, 30, 29, 0, 13, 12, 9, 6, 4, 32, 7, 8, 10, 1, 2, 3, 14, 15, 16, 25, 27] | tabu_value=3 | iter_number=50
final_cost=1909 | time=0.49499964714050293 | route=[32, 7, 8, 10, 9, 25, 24, 23, 19, 22, 26, 16, 15, 14, 12, 4, 6, 5, 30, 28, 27, 20, 21, 31, 18, 17, 13, 0, 1, 29, 33, 2, 3, 11] | tabu_value=3 | iter_number=50
final_cost=2081 | time=0.4700288772583008 | route=[12, 6, 5, 26, 22, 21, 20, 24, 23, 19, 18, 17, 4, 32, 7, 8, 10, 9, 13, 0, 1, 33, 30, 2, 3, 15, 14, 16, 27, 28, 25, 11, 31, 29] | tabu_value=3 | iter_number=50
final_cost=1824 | time=0.4785001277923584 | route=[27, 21, 18, 14, 15, 16, 25, 24, 17, 10, 9, 12, 32, 7, 4, 6, 5, 2, 3, 1, 33, 30, 28, 29, 26, 20, 22, 23, 19, 31, 11, 8, 13, 0] | tabu_value=3 | iter_number=50
final_cost=1754 | time=0.43896937370300293 | route=[26, 22, 19, 11, 31, 18, 17, 12, 14, 15, 32, 7, 8, 10, 9, 0, 27, 28, 29, 25, 1, 33, 2, 3, 30, 5, 6, 4, 13, 16, 24, 23, 21, 20] | tabu_value=3 | iter_number=50
final_cost=1838 | time=0.44499874114990234 | route=[27, 28, 13, 7, 4, 6, 5, 30, 33, 2, 24, 17, 18, 19, 20, 21, 22, 23, 32, 8, 10, 11, 31, 9, 12, 14, 15, 16, 26, 29, 1, 3, 0, 25] | tabu_value=3 | iter_number=50
final_cost=1824 | time=0.4580216407775879 | route=[20, 21, 31, 18, 17, 19, 22, 29, 1, 3, 33, 30, 4, 6, 5, 2, 0, 13, 11, 8, 9, 32, 7, 12, 14, 15, 16, 25, 26, 27, 28, 24, 23, 10] | tabu_value=3 | iter_number=50
final_cost=1936 | time=0.4454989433288574 | route=[18, 17, 10, 11, 31, 19, 20, 21, 2, 4, 5, 6, 12, 14, 15, 16, 24, 23, 22, 26, 25, 1, 3, 9, 32, 7, 8, 13, 0, 33, 30, 29, 27, 28] | tabu_value=3 | iter_number=50
final_cost=1749 | time=0.4369988441467285 | route=[30, 33, 2, 3, 0, 27, 28, 29, 16, 1, 25, 24, 19, 18, 17, 12, 14, 15, 13, 9, 32, 5, 6, 4, 7, 8, 10, 11, 31, 21, 20, 22, 26, 23] | tabu_value=3 | iter_number=50
final_cost=1902 | time=0.4435005187988281 | route=[16, 20, 21, 6, 5, 30, 33, 3, 1, 2, 4, 32, 7, 8, 10, 9, 12, 13, 0, 25, 22, 26, 27, 28, 29, 14, 15, 24, 23, 19, 11, 31, 18, 17] | tabu_value=3 | iter_number=50
final_cost=1830 | time=0.44298887252807617 | route=[20, 29, 25, 24, 23, 19, 21, 22, 26, 27, 28, 33, 30, 5, 2, 3, 1, 0, 16, 14, 15, 12, 32, 7, 8, 10, 11, 31, 18, 17, 9, 6, 4, 13] | tabu_value=3 | iter_number=50
final_cost=1810 | time=0.45153331756591797 | route=[25, 24, 23, 19, 21, 31, 18, 17, 9, 12, 10, 11, 8, 13, 0, 1, 27, 28, 33, 2, 3, 32, 7, 4, 6, 5, 30, 29, 16, 15, 14, 26, 22, 20] | tabu_value=3 | iter_number=50
final_cost=1898 | time=0.4420316219329834 | route=[10, 9, 13, 0, 25, 26, 27, 28, 33, 30, 29, 24, 23, 19, 17, 32, 7, 8, 11, 31, 12, 14, 15, 16, 22, 20, 21, 18, 1, 3, 2, 4, 5, 6] | tabu_value=3 | iter_number=50
final_cost=1907 | time=0.4600958824157715 | route=[15, 14, 16, 24, 23, 21, 31, 17, 32, 7, 0, 25, 29, 1, 4, 6, 5, 30, 33, 2, 3, 13, 12, 9, 10, 18, 19, 20, 22, 11, 8, 26, 27, 28] | tabu_value=3 | iter_number=50
final_cost=1972 | time=0.46599817276000977 | route=[0, 16, 15, 14, 11, 31, 20, 21, 18, 17, 12, 1, 3, 25, 22, 27, 28, 33, 2, 32, 7, 8, 13, 24, 23, 19, 10, 9, 4, 6, 5, 30, 29, 26] | tabu_value=3 | iter_number=50
final_cost=1714 | time=0.4649989604949951 | route=[13, 14, 15, 16, 1, 25, 24, 23, 26, 27, 28, 29, 22, 20, 21, 19, 4, 6, 5, 30, 2, 3, 0, 32, 7, 8, 9, 12, 10, 11, 31, 18, 17, 33] | tabu_value=3 | iter_number=50
final_cost=1928 | time=0.4445004463195801 | route=[6, 5, 30, 2, 4, 14, 15, 12, 32, 7, 8, 10, 26, 22, 27, 28, 29, 33, 3, 1, 25, 19, 18, 17, 9, 13, 0, 16, 24, 23, 20, 21, 31, 11] | tabu_value=3 | iter_number=50
final_cost=2071 | time=0.44499874114990234 | route=[17, 9, 32, 12, 14, 15, 16, 1, 33, 30, 7, 8, 10, 11, 21, 31, 4, 6, 5, 2, 3, 24, 20, 22, 23, 19, 18, 13, 0, 27, 28, 25, 26, 29] | tabu_value=3 | iter_number=50
final_cost=2044 | time=0.46849846839904785 | route=[21, 31, 11, 8, 1, 33, 2, 3, 0, 13, 25, 19, 18, 17, 10, 32, 7, 27, 28, 29, 16, 14, 15, 24, 23, 20, 22, 26, 30, 5, 6, 4, 12, 9] | tabu_value=3 | iter_number=50
final_cost=2070 | time=0.47496747970581055 | route=[4, 19, 21, 31, 18, 0, 1, 33, 30, 28, 29, 25, 24, 23, 17, 11, 10, 6, 5, 2, 3, 13, 32, 7, 8, 9, 12, 14, 15, 16, 26, 27, 22, 20] | tabu_value=3 | iter_number=50
final_cost=1984 | time=0.9430932998657227 | route=[28, 29, 25, 16, 15, 14, 12, 11, 31, 17, 18, 19, 24, 23, 9, 32, 7, 4, 6, 8, 10, 13, 0, 2, 5, 30, 26, 22, 20, 21, 27, 1, 3, 33] | tabu_value=3 | iter_number=100
final_cost=1869 | time=0.9144983291625977 | route=[20, 17, 12, 13, 0, 16, 15, 14, 24, 27, 28, 29, 1, 4, 6, 5, 2, 3, 33, 30, 22, 23, 19, 21, 31, 18, 11, 8, 10, 9, 32, 7, 25, 26] | tabu_value=3 | iter_number=100
final_cost=1814 | time=0.9294695854187012 | route=[11, 31, 17, 18, 22, 26, 2, 4, 5, 6, 7, 9, 13, 16, 15, 14, 12, 32, 8, 10, 0, 27, 28, 29, 1, 3, 33, 30, 25, 24, 23, 20, 21, 19] | tabu_value=3 | iter_number=100
final_cost=1910 | time=0.9210522174835205 | route=[26, 29, 32, 7, 8, 9, 0, 1, 3, 13, 12, 11, 10, 4, 6, 5, 22, 20, 21, 27, 28, 25, 24, 23, 19, 31, 18, 17, 14, 15, 16, 30, 33, 2] | tabu_value=3 | iter_number=100
final_cost=1776 | time=0.9429714679718018 | route=[20, 22, 24, 23, 21, 27, 28, 4, 5, 6, 8, 10, 11, 31, 18, 19, 17, 32, 7, 9, 12, 13, 0, 1, 33, 30, 2, 3, 25, 26, 29, 16, 14, 15] | tabu_value=3 | iter_number=100
final_cost=1737 | time=0.916027307510376 | route=[29, 25, 1, 3, 16, 14, 15, 12, 10, 11, 21, 20, 22, 23, 19, 31, 18, 17, 33, 2, 0, 13, 9, 32, 8, 7, 4, 6, 5, 30, 26, 27, 28, 24] | tabu_value=3 | iter_number=100
final_cost=1988 | time=0.9265031814575195 | route=[22, 23, 26, 20, 21, 19, 18, 9, 13, 0, 1, 2, 4, 6, 5, 30, 33, 3, 24, 17, 11, 8, 10, 27, 28, 29, 25, 32, 7, 12, 14, 15, 16, 31] | tabu_value=3 | iter_number=100
final_cost=1700 | time=1.0719983577728271 | route=[24, 17, 32, 7, 5, 6, 4, 8, 9, 10, 11, 31, 18, 20, 21, 19, 12, 13, 1, 33, 30, 2, 3, 0, 16, 15, 14, 25, 29, 26, 27, 28, 22, 23] | tabu_value=3 | iter_number=100
final_cost=1905 | time=1.0100133419036865 | route=[19, 18, 14, 15, 16, 25, 24, 23, 26, 27, 28, 33, 30, 29, 13, 12, 32, 9, 1, 3, 2, 4, 5, 6, 7, 8, 10, 11, 31, 21, 20, 22, 17, 0] | tabu_value=3 | iter_number=100
final_cost=1701 | time=0.949028730392456 | route=[29, 30, 4, 5, 6, 32, 7, 14, 15, 16, 25, 24, 23, 19, 17, 11, 8, 10, 18, 20, 21, 31, 9, 12, 13, 1, 33, 2, 3, 0, 26, 22, 27, 28] | tabu_value=3 | iter_number=100
final_cost=1830 | time=0.8834776878356934 | route=[20, 31, 18, 19, 21, 22, 27, 28, 33, 2, 3, 0, 16, 25, 1, 30, 4, 6, 5, 14, 15, 12, 11, 17, 32, 7, 8, 10, 9, 13, 24, 23, 26, 29] | tabu_value=3 | iter_number=100
final_cost=1996 | time=0.8830983638763428 | route=[15, 25, 1, 33, 4, 6, 2, 3, 0, 16, 14, 12, 13, 9, 10, 11, 8, 32, 7, 5, 30, 29, 26, 22, 20, 21, 31, 19, 17, 24, 23, 27, 28, 18] | tabu_value=3 | iter_number=100
final_cost=2162 | time=0.9034550189971924 | route=[4, 27, 28, 1, 2, 3, 33, 30, 5, 6, 12, 18, 19, 31, 17, 25, 24, 23, 22, 26, 29, 14, 15, 16, 0, 13, 9, 32, 7, 8, 10, 11, 21, 20] | tabu_value=3 | iter_number=100
final_cost=1932 | time=0.8949894905090332 | route=[19, 10, 4, 6, 5, 2, 3, 27, 28, 25, 16, 0, 24, 23, 9, 32, 7, 8, 13, 14, 15, 12, 11, 31, 17, 18, 20, 26, 1, 33, 30, 29, 22, 21] | tabu_value=3 | iter_number=100
final_cost=1892 | time=0.9195058345794678 | route=[15, 14, 16, 19, 18, 17, 11, 10, 13, 12, 5, 6, 4, 32, 7, 8, 1, 25, 24, 23, 29, 26, 27, 28, 22, 21, 31, 20, 33, 30, 2, 3, 0, 9] | tabu_value=3 | iter_number=100
final_cost=1903 | time=0.8879997730255127 | route=[27, 32, 7, 4, 6, 5, 2, 10, 11, 8, 13, 0, 25, 19, 31, 18, 20, 21, 28, 24, 23, 17, 9, 12, 14, 15, 16, 1, 3, 33, 30, 29, 26, 22] | tabu_value=3 | iter_number=100
final_cost=1858 | time=0.9420278072357178 | route=[6, 10, 11, 31, 18, 4, 5, 30, 33, 2, 3, 23, 21, 20, 22, 26, 27, 28, 29, 16, 15, 14, 12, 9, 32, 7, 8, 13, 1, 25, 24, 19, 17, 0] | tabu_value=3 | iter_number=100
final_cost=1833 | time=0.9175684452056885 | route=[18, 19, 11, 8, 10, 12, 13, 26, 27, 28, 29, 25, 1, 24, 23, 17, 9, 32, 7, 22, 20, 21, 31, 4, 6, 5, 30, 33, 2, 3, 0, 16, 14, 15] | tabu_value=3 | iter_number=100
final_cost=1978 | time=0.9045348167419434 | route=[6, 5, 24, 23, 26, 27, 28, 17, 11, 31, 21, 20, 22, 29, 33, 30, 25, 1, 2, 3, 4, 9, 32, 7, 8, 12, 14, 15, 16, 0, 13, 10, 18, 19] | tabu_value=3 | iter_number=100
final_cost=1786 | time=0.8920025825500488 | route=[16, 15, 14, 27, 28, 25, 0, 13, 11, 31, 18, 20, 21, 19, 17, 10, 9, 32, 7, 8, 4, 6, 5, 30, 22, 24, 23, 26, 29, 1, 3, 33, 2, 12] | tabu_value=3 | iter_number=100
final_cost=1780 | time=0.9014999866485596 | route=[27, 28, 21, 31, 18, 19, 20, 22, 26, 0, 13, 32, 7, 8, 12, 14, 15, 16, 25, 24, 23, 17, 11, 10, 9, 1, 30, 29, 33, 2, 4, 6, 5, 3] | tabu_value=3 | iter_number=100
final_cost=1829 | time=0.9004971981048584 | route=[12, 14, 15, 16, 13, 32, 7, 4, 6, 5, 2, 33, 30, 26, 28, 29, 1, 3, 0, 25, 22, 20, 21, 19, 17, 11, 31, 18, 8, 10, 9, 24, 23, 27] | tabu_value=3 | iter_number=100
final_cost=1571 | time=0.8915703296661377 | route=[24, 23, 21, 19, 31, 18, 17, 11, 10, 9, 12, 14, 15, 16, 1, 33, 30, 4, 5, 6, 32, 7, 8, 0, 25, 20, 22, 26, 27, 28, 29, 2, 3, 13] | tabu_value=3 | iter_number=100
final_cost=1994 | time=0.9015951156616211 | route=[1, 31, 18, 19, 22, 26, 29, 25, 24, 23, 20, 21, 27, 28, 32, 7, 4, 6, 5, 2, 0, 15, 16, 30, 33, 3, 13, 14, 12, 9, 8, 10, 17, 11] | tabu_value=3 | iter_number=100
final_cost=1814 | time=0.900529146194458 | route=[5, 6, 30, 33, 2, 25, 24, 23, 27, 28, 29, 1, 3, 0, 16, 15, 26, 22, 20, 21, 19, 17, 32, 7, 4, 10, 11, 31, 18, 9, 13, 14, 12, 8] | tabu_value=3 | iter_number=100
final_cost=1822 | time=0.9040255546569824 | route=[32, 25, 26, 22, 17, 9, 12, 10, 11, 8, 1, 30, 29, 27, 28, 33, 2, 3, 0, 13, 14, 15, 16, 24, 23, 19, 20, 21, 31, 18, 7, 5, 6, 4] | tabu_value=3 | iter_number=100
final_cost=1723 | time=0.8965308666229248 | route=[2, 3, 0, 16, 15, 12, 13, 25, 24, 23, 22, 26, 27, 28, 29, 32, 7, 8, 10, 11, 31, 20, 21, 19, 18, 17, 1, 33, 30, 6, 5, 4, 9, 14] | tabu_value=3 | iter_number=100
final_cost=2162 | time=0.8970067501068115 | route=[18, 27, 28, 26, 22, 7, 8, 0, 1, 2, 3, 29, 24, 23, 17, 9, 12, 13, 14, 15, 16, 25, 33, 30, 4, 5, 6, 10, 11, 31, 19, 20, 21, 32] | tabu_value=3 | iter_number=100
final_cost=1952 | time=0.905531644821167 | route=[13, 12, 18, 19, 31, 11, 10, 32, 7, 8, 21, 20, 22, 29, 25, 1, 30, 33, 2, 3, 0, 26, 27, 28, 16, 15, 14, 5, 6, 4, 9, 24, 23, 17] | tabu_value=3 | iter_number=100
final_cost=1930 | time=0.9060201644897461 | route=[33, 4, 5, 6, 9, 10, 11, 8, 32, 7, 12, 13, 0, 26, 22, 21, 31, 17, 18, 20, 27, 28, 1, 2, 3, 30, 29, 16, 14, 15, 25, 24, 23, 19] | tabu_value=3 | iter_number=100
final_cost=1669 | time=0.9024655818939209 | route=[23, 26, 27, 28, 33, 2, 3, 0, 13, 14, 15, 16, 1, 25, 24, 20, 21, 31, 11, 8, 4, 6, 5, 30, 29, 22, 19, 18, 17, 10, 32, 7, 9, 12] | tabu_value=3 | iter_number=100
final_cost=1800 | time=0.9974977970123291 | route=[15, 24, 19, 11, 31, 18, 17, 9, 0, 1, 2, 3, 32, 7, 5, 6, 4, 8, 10, 12, 13, 33, 30, 23, 21, 20, 22, 27, 28, 29, 26, 25, 14, 16] | tabu_value=3 | iter_number=100
final_cost=1845 | time=0.8909990787506104 | route=[31, 18, 17, 11, 8, 10, 9, 13, 2, 3, 12, 14, 15, 16, 26, 29, 25, 0, 1, 33, 30, 28, 27, 21, 20, 22, 24, 23, 19, 32, 7, 4, 6, 5] | tabu_value=3 | iter_number=100
final_cost=1930 | time=0.8849987983703613 | route=[14, 12, 9, 10, 18, 11, 8, 13, 0, 16, 15, 1, 33, 2, 3, 25, 23, 19, 31, 21, 20, 22, 26, 30, 4, 5, 6, 32, 7, 27, 28, 29, 24, 17] | tabu_value=3 | iter_number=100
final_cost=2081 | time=0.9540607929229736 | route=[12, 13, 2, 4, 6, 5, 3, 1, 33, 30, 26, 17, 8, 9, 0, 16, 15, 14, 10, 11, 31, 18, 19, 27, 28, 29, 25, 32, 7, 23, 20, 21, 22, 24] | tabu_value=3 | iter_number=100
final_cost=1730 | time=0.9259979724884033 | route=[30, 27, 28, 26, 22, 20, 21, 31, 4, 6, 5, 33, 2, 3, 0, 32, 7, 9, 12, 14, 15, 16, 1, 29, 25, 24, 23, 19, 18, 17, 11, 8, 10, 13] | tabu_value=3 | iter_number=100
final_cost=1884 | time=0.9250297546386719 | route=[20, 21, 31, 10, 9, 1, 25, 27, 28, 29, 33, 2, 3, 0, 13, 12, 15, 14, 16, 24, 23, 19, 18, 17, 11, 8, 7, 4, 6, 5, 30, 26, 22, 32] | tabu_value=3 | iter_number=100
final_cost=1853 | time=0.9415593147277832 | route=[25, 16, 15, 14, 4, 6, 5, 30, 33, 27, 28, 29, 26, 22, 20, 21, 31, 18, 32, 7, 8, 10, 12, 13, 24, 23, 19, 17, 9, 0, 1, 2, 3, 11] | tabu_value=3 | iter_number=100
final_cost=1935 | time=0.9255330562591553 | route=[18, 27, 28, 29, 30, 33, 2, 3, 20, 21, 31, 11, 10, 7, 8, 9, 13, 12, 14, 15, 16, 1, 25, 24, 23, 26, 22, 19, 17, 32, 4, 6, 5, 0] | tabu_value=3 | iter_number=100
final_cost=1879 | time=0.9125010967254639 | route=[26, 14, 12, 4, 6, 5, 2, 3, 1, 25, 0, 13, 10, 11, 31, 18, 17, 9, 32, 7, 8, 27, 28, 29, 33, 30, 15, 16, 24, 23, 19, 22, 20, 21] | tabu_value=3 | iter_number=100
final_cost=2013 | time=0.9230349063873291 | route=[29, 14, 15, 16, 17, 18, 22, 24, 23, 19, 20, 21, 31, 11, 8, 10, 25, 26, 27, 28, 6, 5, 2, 3, 33, 30, 4, 13, 12, 9, 32, 7, 0, 1] | tabu_value=3 | iter_number=100
final_cost=1764 | time=0.905524730682373 | route=[31, 18, 11, 10, 9, 12, 13, 0, 16, 15, 14, 1, 25, 24, 23, 33, 30, 26, 27, 28, 32, 8, 7, 4, 6, 5, 2, 3, 29, 22, 20, 21, 19, 17] | tabu_value=3 | iter_number=100
final_cost=1879 | time=0.8900318145751953 | route=[13, 11, 8, 10, 0, 1, 3, 16, 15, 14, 12, 32, 7, 23, 21, 20, 22, 26, 33, 2, 25, 24, 19, 31, 18, 17, 9, 4, 6, 5, 30, 29, 27, 28] | tabu_value=3 | iter_number=100
final_cost=1975 | time=0.9359989166259766 | route=[26, 4, 6, 5, 30, 29, 22, 20, 21, 31, 18, 14, 15, 12, 32, 7, 9, 10, 11, 8, 13, 24, 23, 17, 19, 27, 28, 25, 1, 33, 2, 0, 16, 3] | tabu_value=3 | iter_number=100
final_cost=1850 | time=0.9305269718170166 | route=[31, 17, 11, 8, 9, 14, 15, 12, 32, 7, 13, 0, 27, 28, 29, 16, 1, 25, 26, 22, 20, 21, 10, 4, 6, 5, 2, 3, 33, 30, 24, 23, 19, 18] | tabu_value=3 | iter_number=100
final_cost=1776 | time=0.9034998416900635 | route=[13, 4, 6, 30, 33, 2, 3, 0, 16, 1, 25, 24, 20, 21, 22, 23, 17, 8, 10, 11, 31, 18, 19, 26, 27, 28, 29, 14, 15, 12, 9, 32, 7, 5] | tabu_value=3 | iter_number=100
final_cost=1703 | time=0.931992769241333 | route=[2, 3, 33, 30, 29, 25, 1, 0, 13, 24, 23, 19, 31, 18, 17, 32, 7, 4, 6, 5, 26, 22, 20, 21, 27, 28, 16, 15, 14, 12, 9, 10, 11, 8] | tabu_value=3 | iter_number=100
final_cost=2058 | time=0.9524621963500977 | route=[28, 23, 11, 8, 14, 15, 16, 24, 21, 31, 18, 19, 17, 9, 10, 20, 22, 26, 27, 29, 25, 0, 13, 32, 7, 12, 1, 33, 30, 2, 3, 5, 6, 4] | tabu_value=3 | iter_number=100
final_cost=1687 | time=0.9191007614135742 | route=[32, 7, 8, 10, 18, 17, 9, 13, 12, 11, 31, 19, 29, 16, 14, 15, 0, 25, 24, 23, 20, 21, 22, 26, 27, 28, 1, 2, 3, 33, 30, 4, 6, 5] | tabu_value=3 | iter_number=100
final_cost=1953 | time=0.9535751342773438 | route=[29, 26, 22, 11, 10, 9, 25, 23, 19, 17, 12, 14, 15, 16, 1, 3, 2, 5, 6, 4, 32, 7, 8, 13, 24, 20, 21, 31, 18, 0, 30, 27, 28, 33] | tabu_value=3 | iter_number=100
final_cost=1673 | time=2.7989940643310547 | route=[13, 0, 25, 1, 3, 33, 2, 9, 10, 12, 14, 15, 16, 26, 27, 28, 29, 24, 23, 19, 31, 18, 11, 8, 32, 7, 4, 6, 5, 30, 22, 20, 21, 17] | tabu_value=3 | iter_number=300
final_cost=1887 | time=2.763000011444092 | route=[7, 30, 28, 29, 25, 23, 26, 27, 22, 20, 21, 31, 18, 11, 8, 12, 14, 15, 16, 1, 3, 33, 2, 4, 9, 13, 0, 24, 19, 17, 10, 32, 6, 5] | tabu_value=3 | iter_number=300
final_cost=1584 | time=2.772144317626953 | route=[9, 12, 14, 15, 16, 24, 23, 19, 18, 17, 10, 13, 0, 25, 1, 29, 26, 22, 20, 21, 31, 11, 8, 32, 7, 4, 6, 5, 30, 27, 28, 33, 2, 3] | tabu_value=3 | iter_number=300
final_cost=1819 | time=2.7178568840026855 | route=[11, 31, 18, 17, 10, 9, 13, 30, 33, 2, 4, 5, 6, 32, 7, 8, 12, 14, 27, 28, 1, 3, 0, 15, 16, 25, 26, 23, 19, 21, 20, 22, 29, 24] | tabu_value=3 | iter_number=300
final_cost=1711 | time=2.715557813644409 | route=[2, 3, 13, 1, 25, 24, 23, 19, 18, 17, 11, 8, 10, 9, 12, 14, 15, 16, 27, 28, 29, 33, 4, 6, 5, 30, 26, 22, 20, 21, 31, 32, 7, 0] | tabu_value=3 | iter_number=300
final_cost=2205 | time=2.66062331199646 | route=[29, 25, 3, 32, 8, 10, 9, 12, 13, 1, 2, 4, 7, 0, 26, 22, 19, 31, 18, 17, 11, 6, 5, 28, 20, 21, 27, 16, 14, 15, 33, 30, 24, 23] | tabu_value=3 | iter_number=300
final_cost=1756 | time=2.760037899017334 | route=[13, 4, 6, 5, 30, 25, 24, 23, 26, 22, 20, 21, 19, 17, 11, 31, 18, 32, 7, 8, 27, 28, 29, 33, 2, 10, 9, 12, 0, 1, 3, 16, 15, 14] | tabu_value=3 | iter_number=300
final_cost=1989 | time=2.7750420570373535 | route=[26, 15, 16, 14, 12, 32, 7, 8, 10, 13, 27, 28, 29, 25, 24, 23, 19, 17, 9, 0, 1, 22, 20, 21, 31, 18, 4, 6, 5, 30, 33, 2, 3, 11] | tabu_value=3 | iter_number=300
final_cost=1938 | time=2.6095633506774902 | route=[27, 21, 31, 18, 19, 20, 22, 26, 16, 15, 14, 12, 7, 4, 5, 6, 9, 13, 0, 25, 28, 29, 1, 3, 33, 30, 2, 24, 23, 17, 11, 8, 10, 32] | tabu_value=3 | iter_number=300
final_cost=1640 | time=2.5110180377960205 | route=[15, 1, 3, 24, 23, 17, 11, 31, 18, 19, 20, 21, 22, 9, 32, 7, 8, 10, 13, 0, 26, 27, 28, 33, 2, 4, 6, 5, 30, 29, 25, 16, 14, 12] | tabu_value=3 | iter_number=300
final_cost=1989 | time=2.6280343532562256 | route=[19, 32, 7, 4, 6, 5, 2, 3, 31, 18, 21, 20, 22, 26, 29, 16, 15, 14, 1, 33, 30, 25, 17, 11, 8, 9, 12, 13, 0, 27, 28, 24, 23, 10] | tabu_value=3 | iter_number=300
final_cost=1793 | time=2.7810323238372803 | route=[29, 26, 27, 25, 16, 1, 3, 2, 5, 6, 4, 12, 14, 15, 11, 31, 21, 19, 18, 17, 10, 32, 7, 8, 9, 13, 0, 24, 23, 20, 22, 33, 30, 28] | tabu_value=3 | iter_number=300
final_cost=2051 | time=2.636997938156128 | route=[18, 10, 0, 25, 24, 19, 31, 21, 20, 26, 22, 23, 17, 11, 8, 27, 28, 33, 30, 29, 13, 9, 32, 7, 1, 3, 2, 4, 5, 6, 12, 14, 16, 15] | tabu_value=3 | iter_number=300
final_cost=1963 | time=2.4679994583129883 | route=[25, 0, 8, 10, 11, 31, 18, 19, 17, 9, 13, 12, 14, 15, 16, 1, 29, 26, 27, 28, 32, 7, 4, 6, 5, 30, 24, 20, 22, 33, 2, 3, 23, 21] | tabu_value=3 | iter_number=300
final_cost=1836 | time=2.6159989833831787 | route=[20, 21, 31, 32, 7, 9, 13, 12, 14, 16, 15, 24, 23, 27, 28, 33, 2, 3, 0, 17, 11, 8, 10, 18, 19, 26, 29, 25, 1, 4, 6, 5, 30, 22] | tabu_value=3 | iter_number=300
final_cost=1730 | time=2.9367809295654297 | route=[10, 9, 32, 7, 8, 13, 1, 30, 2, 3, 0, 24, 23, 19, 21, 20, 22, 26, 29, 27, 28, 25, 16, 15, 14, 12, 11, 31, 18, 17, 4, 6, 5, 33] | tabu_value=3 | iter_number=300
final_cost=1931 | time=3.0681917667388916 | route=[31, 32, 7, 8, 9, 12, 14, 15, 16, 1, 24, 27, 28, 29, 0, 13, 10, 11, 21, 23, 17, 18, 19, 20, 22, 26, 33, 30, 2, 4, 6, 5, 3, 25] | tabu_value=3 | iter_number=300
final_cost=1950 | time=2.926466941833496 | route=[8, 0, 1, 3, 13, 12, 11, 10, 9, 32, 7, 25, 22, 27, 28, 16, 15, 14, 24, 23, 19, 20, 21, 31, 18, 17, 4, 6, 5, 30, 33, 2, 29, 26] | tabu_value=3 | iter_number=300
final_cost=1744 | time=3.010999917984009 | route=[15, 2, 4, 6, 5, 30, 29, 26, 21, 31, 17, 11, 10, 32, 7, 8, 1, 33, 3, 0, 24, 23, 18, 19, 20, 22, 27, 28, 25, 16, 14, 13, 9, 12] | tabu_value=3 | iter_number=300
final_cost=1955 | time=3.1129794120788574 | route=[5, 6, 4, 32, 7, 8, 1, 2, 3, 23, 20, 21, 11, 31, 18, 19, 17, 33, 30, 27, 28, 29, 26, 22, 25, 16, 15, 14, 12, 10, 9, 13, 0, 24] | tabu_value=3 | iter_number=300
final_cost=1915 | time=3.0449700355529785 | route=[10, 9, 12, 14, 15, 16, 24, 27, 28, 17, 11, 21, 20, 33, 4, 6, 5, 2, 3, 25, 1, 30, 29, 26, 22, 23, 19, 31, 18, 32, 7, 8, 13, 0] | tabu_value=3 | iter_number=300
final_cost=1921 | time=3.1058523654937744 | route=[32, 7, 8, 10, 19, 20, 21, 27, 28, 29, 16, 15, 14, 13, 24, 23, 17, 11, 31, 18, 12, 1, 33, 30, 4, 6, 2, 3, 0, 25, 26, 22, 9, 5] | tabu_value=3 | iter_number=300
final_cost=1762 | time=3.028529644012451 | route=[22, 20, 21, 29, 16, 15, 14, 12, 11, 10, 9, 32, 5, 6, 4, 7, 8, 26, 27, 28, 1, 30, 33, 2, 3, 13, 0, 25, 24, 23, 31, 17, 18, 19] | tabu_value=3 | iter_number=300
final_cost=1753 | time=2.9990484714508057 | route=[15, 12, 13, 0, 16, 24, 23, 26, 22, 21, 19, 9, 4, 5, 6, 32, 7, 8, 10, 17, 11, 31, 18, 20, 33, 30, 29, 27, 28, 25, 1, 2, 3, 14] | tabu_value=3 | iter_number=300
final_cost=1880 | time=2.957590103149414 | route=[20, 21, 22, 24, 23, 26, 29, 1, 33, 2, 3, 0, 32, 7, 4, 5, 6, 10, 11, 8, 9, 12, 14, 15, 16, 27, 28, 25, 31, 18, 19, 17, 13, 30] | tabu_value=3 | iter_number=300
final_cost=1881 | time=3.129603147506714 | route=[9, 14, 15, 16, 25, 3, 33, 30, 26, 22, 23, 20, 21, 27, 28, 29, 24, 19, 11, 8, 10, 12, 32, 7, 4, 6, 5, 31, 18, 17, 13, 0, 1, 2] | tabu_value=3 | iter_number=300
final_cost=1692 | time=3.058500051498413 | route=[6, 4, 12, 14, 15, 16, 26, 22, 21, 27, 28, 29, 25, 1, 2, 3, 24, 23, 17, 0, 13, 9, 32, 7, 8, 10, 11, 31, 18, 19, 20, 33, 30, 5] | tabu_value=3 | iter_number=300
final_cost=1731 | time=3.123565435409546 | route=[32, 4, 5, 6, 10, 11, 31, 17, 18, 19, 20, 21, 27, 28, 26, 22, 24, 23, 7, 8, 9, 12, 13, 0, 2, 3, 33, 30, 29, 25, 16, 15, 14, 1] | tabu_value=3 | iter_number=300
final_cost=2190 | time=3.1060307025909424 | route=[31, 18, 17, 9, 12, 14, 15, 24, 23, 19, 32, 7, 33, 30, 26, 20, 21, 22, 2, 4, 10, 11, 8, 6, 5, 27, 28, 29, 3, 13, 0, 16, 1, 25] | tabu_value=3 | iter_number=300
final_cost=1803 | time=3.0754880905151367 | route=[28, 30, 4, 6, 5, 10, 11, 31, 20, 21, 19, 18, 17, 9, 32, 7, 8, 12, 13, 25, 26, 22, 24, 23, 27, 29, 1, 33, 2, 3, 0, 16, 14, 15] | tabu_value=3 | iter_number=300
final_cost=1994 | time=3.0492746829986572 | route=[30, 27, 28, 33, 32, 7, 8, 4, 6, 5, 2, 3, 1, 24, 23, 20, 22, 21, 19, 18, 17, 10, 9, 13, 0, 16, 25, 26, 29, 15, 14, 12, 11, 31] | tabu_value=3 | iter_number=300
final_cost=1790 | time=3.129545211791992 | route=[33, 30, 4, 6, 5, 29, 26, 23, 20, 21, 31, 17, 11, 10, 9, 32, 7, 8, 12, 18, 19, 22, 27, 28, 15, 14, 16, 1, 2, 3, 13, 0, 25, 24] | tabu_value=3 | iter_number=300
final_cost=1813 | time=3.0572543144226074 | route=[23, 33, 30, 4, 6, 5, 2, 3, 16, 15, 14, 26, 27, 28, 29, 12, 9, 32, 7, 8, 10, 21, 19, 17, 11, 31, 18, 13, 0, 1, 25, 24, 20, 22] | tabu_value=3 | iter_number=300
final_cost=2108 | time=3.067434310913086 | route=[11, 12, 14, 15, 16, 24, 26, 29, 3, 33, 30, 27, 28, 25, 32, 8, 9, 13, 0, 1, 2, 5, 6, 10, 18, 19, 22, 23, 20, 21, 31, 17, 7, 4] | tabu_value=3 | iter_number=300
final_cost=1965 | time=3.0243210792541504 | route=[29, 27, 28, 16, 15, 14, 12, 25, 24, 23, 17, 10, 13, 1, 3, 0, 26, 22, 20, 21, 19, 32, 7, 8, 11, 31, 18, 9, 6, 5, 30, 33, 2, 4] | tabu_value=3 | iter_number=300
final_cost=1708 | time=2.944169044494629 | route=[25, 32, 7, 4, 6, 5, 30, 33, 2, 1, 3, 0, 13, 12, 31, 18, 19, 21, 20, 22, 26, 27, 28, 29, 17, 11, 8, 10, 9, 14, 15, 16, 24, 23] | tabu_value=3 | iter_number=300
final_cost=1774 | time=3.1131038665771484 | route=[29, 22, 23, 20, 21, 19, 31, 18, 11, 10, 9, 7, 8, 24, 17, 32, 4, 6, 5, 30, 26, 27, 28, 25, 0, 13, 14, 15, 16, 1, 33, 2, 3, 12] | tabu_value=3 | iter_number=300
final_cost=2013 | time=3.090529203414917 | route=[22, 20, 31, 18, 17, 32, 7, 4, 24, 23, 19, 12, 14, 15, 16, 3, 0, 13, 25, 26, 27, 28, 33, 30, 2, 5, 6, 10, 11, 8, 9, 1, 29, 21] | tabu_value=3 | iter_number=300
final_cost=1820 | time=2.6070334911346436 | route=[25, 7, 4, 6, 5, 30, 33, 2, 3, 0, 13, 9, 10, 17, 18, 19, 31, 20, 21, 27, 28, 22, 24, 23, 26, 29, 1, 16, 15, 14, 12, 11, 8, 32] | tabu_value=3 | iter_number=300
final_cost=1869 | time=2.673051595687866 | route=[23, 9, 5, 6, 4, 32, 7, 27, 28, 29, 22, 20, 21, 31, 18, 17, 11, 8, 10, 0, 1, 25, 24, 19, 26, 30, 33, 2, 3, 13, 12, 14, 16, 15] | tabu_value=3 | iter_number=300
final_cost=2051 | time=2.5799989700317383 | route=[26, 21, 31, 32, 7, 9, 24, 20, 22, 23, 11, 8, 10, 18, 19, 17, 6, 5, 30, 4, 12, 13, 1, 33, 2, 3, 0, 16, 14, 15, 25, 29, 28, 27] | tabu_value=3 | iter_number=300
final_cost=1976 | time=2.5960347652435303 | route=[11, 8, 14, 15, 16, 1, 30, 27, 28, 29, 9, 32, 7, 13, 24, 23, 4, 6, 5, 33, 2, 3, 10, 18, 19, 12, 0, 25, 26, 22, 20, 21, 31, 17] | tabu_value=3 | iter_number=300
final_cost=1703 | time=2.494028329849243 | route=[16, 1, 33, 30, 24, 23, 19, 20, 21, 31, 17, 11, 8, 10, 9, 4, 6, 5, 2, 3, 15, 14, 12, 18, 22, 26, 27, 28, 29, 25, 0, 13, 32, 7] | tabu_value=3 | iter_number=300
final_cost=1906 | time=2.522026538848877 | route=[21, 18, 13, 0, 24, 20, 22, 23, 19, 17, 11, 31, 10, 9, 4, 6, 5, 30, 2, 3, 32, 7, 8, 12, 14, 15, 16, 25, 1, 26, 27, 28, 29, 33] | tabu_value=3 | iter_number=300
final_cost=2083 | time=2.502032995223999 | route=[22, 24, 23, 26, 29, 27, 28, 33, 2, 4, 7, 8, 9, 13, 1, 3, 0, 25, 16, 14, 15, 12, 11, 31, 21, 20, 30, 5, 6, 10, 18, 19, 17, 32] | tabu_value=3 | iter_number=300
final_cost=1673 | time=2.566033124923706 | route=[7, 32, 8, 9, 13, 27, 28, 29, 25, 24, 23, 17, 11, 10, 12, 14, 16, 15, 1, 33, 30, 4, 6, 5, 2, 3, 0, 26, 22, 20, 21, 18, 19, 31] | tabu_value=3 | iter_number=300
final_cost=1926 | time=2.5130341053009033 | route=[11, 8, 7, 24, 19, 17, 10, 9, 12, 1, 33, 2, 3, 23, 20, 21, 31, 18, 13, 0, 25, 26, 27, 28, 16, 14, 15, 32, 4, 6, 5, 30, 29, 22] | tabu_value=3 | iter_number=300
final_cost=2264 | time=2.4440321922302246 | route=[28, 1, 2, 3, 0, 16, 15, 14, 11, 31, 6, 5, 30, 33, 26, 22, 19, 12, 13, 4, 7, 8, 9, 10, 18, 20, 21, 27, 29, 25, 24, 23, 17, 32] | tabu_value=3 | iter_number=300
final_cost=1821 | time=2.5740344524383545 | route=[30, 22, 19, 17, 10, 12, 14, 15, 16, 26, 27, 28, 29, 33, 0, 13, 32, 7, 4, 5, 2, 3, 1, 25, 24, 23, 20, 21, 31, 18, 11, 8, 9, 6] | tabu_value=3 | iter_number=300
final_cost=1600 | time=2.527034282684326 | route=[4, 6, 5, 30, 33, 24, 23, 19, 18, 17, 10, 32, 7, 9, 1, 2, 3, 0, 16, 15, 14, 12, 13, 25, 26, 27, 28, 29, 22, 20, 21, 31, 11, 8] | tabu_value=3 | iter_number=300
final_cost=1715 | time=5.7659995555877686 | route=[33, 30, 5, 6, 4, 12, 13, 0, 15, 14, 16, 24, 18, 19, 20, 22, 23, 26, 27, 28, 29, 21, 31, 17, 11, 8, 10, 9, 32, 7, 1, 2, 3, 25] | tabu_value=3 | iter_number=600
