final_cost=12122 | time=0.26800060272216797 | route=[7, 11, 42, 22, 44, 29, 24, 47, 15, 27, 40, 37, 39, 23, 10, 28, 12, 35, 21, 4, 9, 36, 46, 0, 6, 45, 43, 18, 2, 3, 33, 17, 5, 13, 20, 30, 38, 1, 19, 14, 32, 8, 16, 31, 26, 25, 34, 41] | tabu_value=3 | iter_number=10
final_cost=12383 | time=0.2649977207183838 | route=[21, 26, 16, 7, 25, 29, 37, 41, 38, 20, 31, 10, 45, 3, 18, 2, 40, 28, 12, 19, 34, 17, 15, 11, 9, 8, 13, 32, 4, 30, 46, 22, 43, 0, 35, 6, 24, 42, 1, 44, 14, 5, 47, 27, 36, 39, 23, 33] | tabu_value=3 | iter_number=10
final_cost=10983 | time=0.2755289077758789 | route=[13, 16, 26, 20, 9, 30, 17, 24, 3, 18, 29, 45, 40, 43, 0, 47, 15, 28, 8, 31, 4, 21, 33, 37, 1, 39, 19, 38, 41, 2, 36, 23, 11, 34, 44, 46, 42, 27, 25, 7, 14, 5, 12, 6, 10, 35, 22, 32] | tabu_value=3 | iter_number=10
final_cost=10569 | time=0.2740323543548584 | route=[22, 38, 41, 11, 32, 26, 20, 21, 15, 6, 12, 45, 17, 44, 29, 18, 3, 19, 1, 34, 37, 23, 46, 25, 9, 36, 27, 0, 28, 2, 24, 40, 43, 33, 42, 39, 30, 7, 4, 14, 8, 31, 16, 35, 13, 5, 47, 10] | tabu_value=3 | iter_number=10
final_cost=11693 | time=0.271531343460083 | route=[13, 0, 27, 15, 5, 20, 22, 45, 41, 39, 29, 37, 38, 42, 24, 6, 12, 28, 10, 47, 32, 11, 34, 44, 33, 46, 17, 36, 19, 1, 30, 16, 26, 31, 8, 35, 21, 25, 7, 9, 4, 14, 23, 40, 43, 2, 18, 3] | tabu_value=3 | iter_number=10
final_cost=11853 | time=0.27658772468566895 | route=[12, 18, 36, 30, 25, 21, 7, 20, 44, 29, 37, 41, 38, 34, 46, 24, 33, 5, 31, 8, 35, 15, 28, 43, 45, 17, 42, 39, 14, 4, 26, 16, 0, 47, 27, 2, 22, 3, 1, 19, 23, 32, 11, 9, 13, 10, 6, 40] | tabu_value=3 | iter_number=10
final_cost=12642 | time=0.27499938011169434 | route=[13, 4, 30, 9, 17, 39, 46, 25, 31, 26, 16, 45, 22, 44, 33, 43, 28, 18, 1, 19, 2, 27, 10, 5, 8, 32, 7, 12, 0, 15, 20, 21, 41, 38, 36, 6, 47, 34, 29, 24, 40, 3, 42, 37, 23, 11, 14, 35] | tabu_value=3 | iter_number=10
final_cost=11205 | time=0.2734992504119873 | route=[0, 12, 35, 10, 29, 18, 3, 6, 47, 28, 17, 45, 1, 41, 39, 33, 46, 22, 37, 34, 19, 44, 13, 21, 20, 32, 14, 4, 36, 38, 9, 30, 42, 2, 40, 43, 27, 15, 8, 31, 26, 16, 7, 5, 25, 11, 23, 24] | tabu_value=3 | iter_number=10
final_cost=12957 | time=0.2820253372192383 | route=[20, 19, 41, 38, 27, 28, 40, 3, 44, 24, 5, 26, 16, 21, 30, 34, 1, 32, 4, 13, 35, 14, 23, 46, 37, 18, 29, 33, 17, 42, 36, 39, 22, 45, 25, 9, 11, 31, 7, 10, 12, 0, 47, 8, 15, 6, 2, 43] | tabu_value=3 | iter_number=10
final_cost=11172 | time=0.2606077194213867 | route=[45, 24, 22, 38, 41, 36, 44, 2, 0, 28, 27, 8, 20, 15, 47, 25, 35, 12, 42, 46, 14, 32, 7, 21, 16, 26, 10, 6, 40, 3, 29, 39, 9, 4, 31, 13, 5, 34, 19, 1, 37, 18, 43, 17, 30, 11, 23, 33] | tabu_value=3 | iter_number=10
final_cost=10771 | time=0.27203369140625 | route=[2, 32, 4, 9, 42, 44, 6, 27, 31, 16, 26, 20, 25, 5, 35, 30, 23, 38, 45, 43, 18, 3, 29, 40, 17, 36, 46, 33, 24, 22, 39, 19, 41, 1, 34, 11, 14, 7, 21, 8, 13, 0, 47, 15, 12, 10, 28, 37] | tabu_value=3 | iter_number=10
final_cost=11640 | time=0.276470422744751 | route=[44, 11, 9, 32, 27, 6, 28, 47, 10, 22, 17, 12, 8, 7, 31, 20, 21, 14, 23, 42, 29, 39, 37, 19, 38, 36, 4, 26, 16, 30, 41, 34, 1, 46, 33, 43, 0, 35, 13, 2, 18, 40, 3, 24, 45, 25, 15, 5] | tabu_value=3 | iter_number=10
final_cost=11371 | time=0.2580103874206543 | route=[23, 14, 47, 27, 22, 33, 3, 18, 40, 10, 6, 17, 7, 20, 13, 0, 29, 19, 36, 30, 4, 42, 2, 34, 44, 24, 46, 39, 38, 41, 37, 1, 9, 11, 31, 16, 26, 8, 25, 32, 45, 43, 12, 28, 15, 5, 21, 35] | tabu_value=3 | iter_number=10
final_cost=12332 | time=0.2755281925201416 | route=[38, 19, 32, 35, 15, 45, 40, 33, 17, 46, 39, 37, 44, 1, 36, 12, 47, 13, 8, 21, 28, 27, 6, 2, 42, 30, 4, 20, 16, 26, 7, 41, 34, 18, 0, 10, 5, 25, 14, 23, 3, 29, 22, 43, 24, 9, 11, 31] | tabu_value=3 | iter_number=10
final_cost=11513 | time=0.2644999027252197 | route=[37, 42, 18, 1, 34, 14, 25, 26, 16, 31, 35, 12, 40, 24, 33, 36, 17, 10, 28, 15, 0, 41, 19, 3, 2, 44, 29, 39, 38, 9, 47, 5, 21, 22, 6, 27, 45, 43, 46, 13, 20, 8, 7, 32, 4, 30, 23, 11] | tabu_value=3 | iter_number=10
final_cost=11395 | time=0.2635314464569092 | route=[6, 32, 7, 21, 26, 5, 13, 35, 8, 47, 12, 43, 42, 24, 18, 22, 17, 20, 16, 31, 23, 39, 38, 46, 37, 3, 27, 30, 4, 11, 28, 0, 15, 10, 29, 44, 1, 34, 41, 19, 9, 14, 25, 45, 36, 2, 33, 40] | tabu_value=3 | iter_number=10
final_cost=12277 | time=0.2630772590637207 | route=[33, 42, 43, 6, 0, 47, 26, 16, 38, 19, 39, 4, 32, 11, 23, 37, 18, 35, 10, 15, 31, 20, 21, 5, 12, 27, 24, 3, 40, 2, 44, 29, 9, 14, 7, 25, 46, 45, 22, 1, 41, 34, 8, 13, 28, 17, 36, 30] | tabu_value=3 | iter_number=10
final_cost=11662 | time=0.2720322608947754 | route=[12, 13, 16, 20, 15, 47, 22, 2, 24, 26, 31, 4, 7, 45, 33, 42, 40, 35, 10, 18, 29, 34, 19, 41, 1, 46, 11, 9, 30, 38, 23, 36, 39, 37, 3, 44, 5, 21, 25, 0, 27, 17, 28, 6, 8, 32, 14, 43] | tabu_value=3 | iter_number=10
final_cost=12012 | time=0.26300048828125 | route=[30, 23, 32, 21, 47, 20, 31, 35, 9, 11, 4, 0, 12, 10, 16, 26, 46, 29, 39, 34, 1, 41, 38, 45, 27, 17, 19, 36, 14, 5, 15, 6, 13, 8, 7, 28, 40, 43, 18, 3, 37, 33, 22, 42, 24, 44, 25, 2] | tabu_value=3 | iter_number=10
final_cost=11922 | time=0.2729918956756592 | route=[23, 13, 15, 29, 34, 32, 10, 7, 8, 31, 16, 26, 20, 4, 11, 18, 3, 37, 2, 24, 45, 42, 41, 38, 25, 6, 35, 47, 17, 46, 36, 39, 1, 19, 14, 30, 9, 27, 33, 44, 22, 40, 0, 12, 43, 28, 5, 21] | tabu_value=3 | iter_number=10
final_cost=10814 | time=0.2675321102142334 | route=[29, 28, 6, 30, 11, 23, 36, 9, 8, 21, 32, 4, 5, 47, 33, 24, 2, 40, 43, 0, 15, 13, 10, 35, 7, 46, 17, 22, 18, 3, 14, 26, 16, 20, 31, 25, 12, 27, 38, 39, 1, 42, 37, 19, 44, 34, 41, 45] | tabu_value=3 | iter_number=10
final_cost=10595 | time=0.2640261650085449 | route=[11, 30, 7, 25, 27, 36, 23, 32, 9, 4, 31, 20, 16, 21, 28, 17, 2, 29, 1, 37, 18, 3, 33, 46, 39, 38, 19, 41, 34, 22, 43, 42, 24, 45, 13, 26, 8, 10, 15, 35, 6, 40, 47, 0, 12, 5, 14, 44] | tabu_value=3 | iter_number=10
final_cost=12197 | time=0.2761049270629883 | route=[47, 40, 34, 38, 37, 29, 39, 26, 31, 35, 24, 2, 3, 18, 21, 5, 7, 11, 9, 1, 42, 46, 33, 43, 45, 22, 17, 19, 44, 28, 20, 16, 25, 12, 6, 10, 0, 27, 15, 13, 8, 4, 30, 32, 14, 23, 36, 41] | tabu_value=3 | iter_number=10
final_cost=12150 | time=0.2741549015045166 | route=[12, 33, 46, 39, 23, 14, 19, 41, 38, 29, 2, 22, 20, 7, 9, 44, 36, 3, 18, 24, 31, 16, 26, 11, 30, 32, 21, 5, 27, 6, 15, 35, 0, 43, 40, 25, 13, 8, 4, 42, 37, 1, 28, 10, 47, 45, 17, 34] | tabu_value=3 | iter_number=10
final_cost=10340 | time=0.2730288505554199 | route=[33, 40, 42, 24, 22, 18, 17, 8, 16, 31, 4, 34, 41, 38, 44, 1, 45, 47, 12, 15, 13, 26, 20, 21, 10, 6, 32, 7, 30, 36, 39, 9, 11, 23, 25, 5, 35, 14, 46, 37, 19, 29, 3, 28, 43, 0, 27, 2] | tabu_value=3 | iter_number=10
final_cost=11555 | time=0.2669975757598877 | route=[13, 26, 8, 27, 33, 17, 24, 40, 22, 9, 30, 4, 21, 10, 47, 3, 18, 2, 44, 1, 29, 43, 6, 12, 5, 7, 32, 31, 16, 20, 19, 38, 14, 28, 35, 15, 0, 45, 36, 42, 34, 23, 11, 39, 41, 37, 46, 25] | tabu_value=3 | iter_number=10
final_cost=11226 | time=0.27504587173461914 | route=[3, 42, 44, 30, 32, 7, 21, 40, 22, 24, 18, 43, 6, 28, 45, 33, 17, 23, 14, 8, 16, 31, 26, 25, 27, 36, 46, 20, 13, 5, 1, 37, 34, 19, 9, 11, 4, 29, 39, 38, 41, 2, 12, 47, 15, 10, 35, 0] | tabu_value=3 | iter_number=10
final_cost=11726 | time=0.270998477935791 | route=[33, 43, 28, 42, 2, 18, 24, 9, 23, 19, 41, 38, 34, 11, 4, 26, 20, 16, 31, 7, 17, 3, 36, 1, 44, 46, 30, 10, 25, 13, 6, 0, 47, 12, 5, 21, 32, 8, 45, 27, 40, 22, 35, 15, 14, 39, 29, 37] | tabu_value=3 | iter_number=10
final_cost=12271 | time=0.2715334892272949 | route=[25, 6, 15, 8, 35, 16, 21, 5, 17, 38, 34, 19, 13, 20, 4, 45, 27, 28, 47, 10, 7, 33, 42, 40, 14, 30, 11, 32, 26, 31, 46, 41, 23, 9, 39, 29, 3, 18, 44, 2, 43, 0, 12, 22, 24, 1, 37, 36] | tabu_value=3 | iter_number=10
final_cost=11584 | time=0.26256895065307617 | route=[43, 17, 42, 44, 18, 3, 33, 46, 1, 24, 40, 0, 36, 34, 39, 25, 4, 23, 11, 9, 7, 8, 16, 20, 31, 28, 29, 37, 10, 35, 26, 32, 14, 30, 13, 21, 5, 6, 27, 38, 41, 19, 2, 12, 15, 47, 45, 22] | tabu_value=3 | iter_number=10
final_cost=11486 | time=0.25353407859802246 | route=[25, 5, 0, 27, 17, 43, 45, 46, 42, 21, 35, 47, 18, 33, 22, 14, 6, 15, 28, 13, 8, 20, 10, 40, 37, 19, 34, 24, 2, 31, 26, 16, 4, 11, 32, 36, 1, 3, 29, 44, 41, 9, 23, 38, 39, 30, 7, 12] | tabu_value=3 | iter_number=10
final_cost=10872 | time=0.27903294563293457 | route=[32, 9, 14, 4, 11, 24, 27, 33, 40, 10, 15, 35, 2, 3, 18, 19, 37, 29, 44, 16, 26, 20, 47, 5, 17, 30, 23, 22, 42, 1, 39, 36, 34, 41, 38, 46, 0, 12, 13, 8, 31, 7, 21, 45, 6, 43, 28, 25] | tabu_value=3 | iter_number=10
final_cost=11595 | time=0.2700002193450928 | route=[2, 6, 35, 10, 20, 26, 13, 8, 32, 7, 0, 47, 43, 27, 14, 4, 21, 5, 28, 22, 24, 40, 37, 42, 29, 3, 33, 45, 44, 34, 17, 25, 16, 31, 11, 39, 19, 38, 41, 23, 9, 30, 12, 15, 18, 1, 36, 46] | tabu_value=3 | iter_number=10
final_cost=10916 | time=0.27403998374938965 | route=[20, 7, 45, 22, 33, 3, 18, 2, 44, 37, 29, 12, 27, 47, 32, 30, 4, 25, 15, 8, 35, 13, 5, 14, 36, 34, 38, 41, 1, 43, 26, 16, 31, 21, 28, 0, 40, 23, 11, 9, 46, 39, 19, 42, 24, 17, 6, 10] | tabu_value=3 | iter_number=10
final_cost=10826 | time=0.27503347396850586 | route=[2, 30, 14, 6, 27, 12, 47, 33, 45, 28, 31, 16, 20, 26, 4, 11, 19, 41, 23, 9, 21, 8, 7, 32, 37, 29, 3, 18, 25, 46, 1, 24, 44, 34, 36, 39, 38, 42, 43, 40, 10, 0, 13, 5, 35, 15, 17, 22] | tabu_value=3 | iter_number=10
final_cost=12139 | time=0.2860751152038574 | route=[35, 16, 20, 45, 3, 44, 41, 29, 2, 30, 32, 4, 7, 42, 37, 18, 33, 43, 24, 1, 38, 11, 9, 14, 25, 46, 36, 23, 39, 34, 19, 47, 12, 28, 6, 22, 27, 15, 5, 13, 26, 8, 10, 40, 0, 21, 31, 17] | tabu_value=3 | iter_number=10
final_cost=12766 | time=0.27453184127807617 | route=[2, 3, 29, 39, 23, 32, 28, 22, 42, 30, 4, 33, 40, 27, 25, 11, 9, 36, 41, 38, 14, 7, 5, 47, 15, 12, 6, 1, 34, 24, 17, 10, 21, 16, 26, 8, 20, 13, 45, 18, 43, 0, 35, 46, 37, 44, 19, 31] | tabu_value=3 | iter_number=10
final_cost=11246 | time=0.25496339797973633 | route=[29, 1, 23, 32, 7, 25, 22, 18, 40, 43, 0, 15, 16, 20, 30, 17, 46, 33, 27, 47, 12, 10, 42, 36, 39, 34, 6, 28, 5, 31, 26, 4, 37, 44, 2, 3, 19, 41, 38, 24, 45, 35, 8, 13, 21, 14, 9, 11] | tabu_value=3 | iter_number=10
final_cost=11632 | time=0.27497100830078125 | route=[4, 32, 7, 18, 2, 1, 19, 37, 44, 33, 35, 26, 38, 34, 5, 10, 6, 3, 29, 15, 12, 47, 27, 45, 40, 24, 22, 43, 17, 39, 41, 36, 30, 11, 14, 23, 46, 42, 28, 0, 25, 21, 13, 16, 31, 8, 20, 9] | tabu_value=3 | iter_number=10
final_cost=12573 | time=0.2819998264312744 | route=[43, 25, 10, 5, 0, 47, 12, 11, 23, 1, 39, 34, 24, 16, 31, 14, 9, 38, 41, 3, 29, 44, 42, 36, 17, 28, 15, 8, 35, 45, 2, 33, 40, 30, 4, 13, 20, 26, 32, 27, 6, 18, 22, 21, 7, 46, 19, 37] | tabu_value=3 | iter_number=10
final_cost=11039 | time=0.2685246467590332 | route=[9, 30, 4, 32, 7, 15, 24, 22, 42, 33, 1, 37, 2, 43, 40, 18, 3, 34, 39, 29, 45, 46, 38, 36, 11, 23, 25, 35, 20, 26, 16, 31, 17, 28, 0, 5, 13, 8, 21, 12, 14, 41, 19, 44, 10, 6, 47, 27] | tabu_value=3 | iter_number=10
final_cost=10986 | time=0.27703428268432617 | route=[41, 32, 7, 20, 16, 21, 5, 25, 36, 29, 18, 3, 13, 26, 4, 11, 46, 27, 40, 24, 42, 44, 37, 39, 9, 35, 10, 15, 28, 12, 8, 31, 30, 45, 33, 22, 2, 17, 6, 47, 0, 43, 1, 34, 19, 38, 23, 14] | tabu_value=3 | iter_number=10
final_cost=12111 | time=0.26703476905822754 | route=[9, 5, 35, 7, 11, 23, 32, 10, 8, 2, 24, 22, 33, 14, 4, 12, 47, 0, 28, 25, 31, 21, 30, 36, 34, 38, 41, 44, 42, 29, 37, 43, 40, 17, 27, 46, 19, 39, 1, 6, 13, 20, 16, 26, 3, 18, 45, 15] | tabu_value=3 | iter_number=10
final_cost=11797 | time=0.26903367042541504 | route=[24, 32, 16, 26, 31, 20, 36, 46, 15, 13, 21, 30, 4, 11, 9, 23, 14, 8, 7, 47, 18, 3, 29, 37, 34, 19, 41, 43, 45, 42, 22, 35, 0, 44, 40, 2, 1, 38, 25, 27, 17, 6, 12, 5, 10, 28, 33, 39] | tabu_value=3 | iter_number=10
final_cost=11536 | time=0.2759993076324463 | route=[28, 24, 42, 41, 44, 18, 3, 45, 9, 11, 4, 33, 22, 27, 17, 7, 25, 14, 32, 30, 38, 34, 2, 10, 15, 8, 21, 46, 23, 37, 29, 1, 19, 40, 43, 31, 26, 16, 20, 39, 36, 5, 13, 47, 12, 35, 0, 6] | tabu_value=3 | iter_number=10
final_cost=11559 | time=0.27197837829589844 | route=[5, 8, 10, 27, 45, 18, 42, 39, 33, 3, 22, 2, 24, 46, 16, 13, 25, 41, 19, 11, 30, 32, 21, 9, 14, 7, 20, 31, 26, 28, 6, 47, 15, 12, 35, 17, 0, 43, 40, 37, 34, 44, 29, 1, 38, 4, 23, 36] | tabu_value=3 | iter_number=10
final_cost=12249 | time=0.27250170707702637 | route=[19, 3, 18, 22, 10, 47, 25, 42, 2, 35, 16, 4, 1, 41, 44, 34, 38, 36, 17, 45, 40, 43, 6, 0, 12, 28, 7, 11, 9, 23, 30, 32, 26, 31, 13, 27, 24, 37, 29, 33, 14, 8, 21, 15, 46, 39, 5, 20] | tabu_value=3 | iter_number=10
final_cost=12560 | time=0.2689995765686035 | route=[31, 11, 45, 6, 47, 43, 17, 22, 2, 42, 33, 29, 41, 34, 30, 9, 23, 14, 25, 10, 5, 46, 39, 36, 15, 0, 3, 18, 40, 27, 32, 8, 13, 35, 44, 37, 19, 20, 16, 26, 21, 28, 12, 7, 4, 38, 1, 24] | tabu_value=3 | iter_number=10
final_cost=10783 | time=0.26502346992492676 | route=[28, 25, 14, 9, 5, 0, 15, 10, 35, 47, 21, 16, 26, 20, 13, 31, 8, 44, 19, 38, 39, 11, 45, 27, 12, 43, 40, 6, 33, 42, 24, 2, 3, 22, 18, 29, 34, 37, 41, 30, 32, 46, 17, 36, 1, 23, 4, 7] | tabu_value=3 | iter_number=10
final_cost=11052 | time=0.2585334777832031 | route=[41, 38, 34, 37, 42, 43, 27, 40, 0, 15, 31, 20, 7, 35, 28, 17, 2, 18, 5, 16, 26, 21, 25, 46, 39, 23, 14, 4, 11, 32, 22, 3, 29, 44, 19, 36, 8, 13, 45, 33, 24, 47, 10, 6, 12, 9, 30, 1] | tabu_value=3 | iter_number=10
final_cost=7573 | time=1.3015923500061035 | route=[44, 34, 41, 38, 39, 30, 32, 7, 2, 18, 3, 29, 37, 19, 1, 36, 23, 9, 14, 25, 28, 6, 27, 45, 22, 24, 42, 46, 21, 20, 16, 26, 31, 4, 11, 17, 40, 43, 0, 12, 47, 15, 10, 5, 13, 8, 35, 33] | tabu_value=3 | iter_number=50
final_cost=7339 | time=1.3685851097106934 | route=[19, 39, 30, 4, 32, 7, 8, 13, 35, 15, 10, 25, 20, 16, 26, 31, 21, 5, 47, 12, 0, 28, 27, 43, 40, 2, 18, 3, 29, 37, 34, 1, 44, 42, 24, 22, 33, 45, 17, 46, 14, 11, 9, 23, 38, 41, 36, 6] | tabu_value=3 | iter_number=50
final_cost=7649 | time=1.302032470703125 | route=[29, 37, 19, 1, 36, 46, 28, 0, 43, 40, 24, 22, 17, 25, 5, 21, 7, 32, 30, 11, 9, 42, 2, 33, 45, 27, 6, 12, 15, 13, 8, 35, 10, 47, 18, 3, 44, 34, 41, 38, 39, 23, 14, 4, 20, 31, 26, 16] | tabu_value=3 | iter_number=50
final_cost=7630 | time=1.3370251655578613 | route=[22, 17, 45, 43, 40, 24, 33, 27, 15, 13, 26, 16, 5, 10, 47, 12, 0, 28, 6, 42, 44, 37, 29, 3, 18, 2, 35, 8, 31, 20, 21, 25, 46, 1, 19, 36, 9, 11, 30, 4, 32, 7, 14, 23, 39, 38, 41, 34] | tabu_value=3 | iter_number=50
final_cost=7017 | time=1.4089994430541992 | route=[19, 34, 1, 44, 42, 2, 24, 22, 28, 12, 0, 43, 40, 17, 46, 23, 9, 30, 32, 7, 8, 13, 35, 47, 15, 10, 5, 25, 14, 11, 4, 31, 26, 16, 20, 21, 36, 39, 38, 41, 37, 29, 3, 18, 33, 45, 27, 6] | tabu_value=3 | iter_number=50
final_cost=7500 | time=1.3280308246612549 | route=[42, 36, 23, 9, 11, 30, 4, 31, 26, 16, 20, 21, 8, 13, 35, 24, 44, 46, 5, 10, 6, 27, 45, 33, 22, 17, 25, 7, 32, 14, 39, 1, 34, 19, 29, 3, 18, 2, 40, 43, 0, 12, 15, 47, 28, 38, 41, 37] | tabu_value=3 | iter_number=50
final_cost=7081 | time=1.305999994277954 | route=[12, 47, 28, 6, 27, 40, 43, 0, 15, 10, 5, 25, 17, 45, 14, 30, 23, 36, 24, 2, 18, 3, 29, 34, 41, 38, 39, 9, 11, 4, 32, 7, 21, 8, 13, 35, 33, 22, 42, 44, 37, 19, 1, 46, 20, 31, 26, 16] | tabu_value=3 | iter_number=50
final_cost=8018 | time=1.271531105041504 | route=[31, 2, 24, 40, 43, 0, 12, 15, 47, 18, 3, 29, 44, 42, 36, 23, 25, 21, 5, 35, 10, 28, 6, 27, 45, 46, 39, 34, 1, 37, 19, 41, 38, 9, 30, 32, 7, 13, 8, 20, 16, 26, 4, 11, 14, 22, 33, 17] | tabu_value=3 | iter_number=50
final_cost=7281 | time=1.2867000102996826 | route=[15, 12, 28, 6, 27, 45, 17, 46, 23, 14, 25, 5, 35, 10, 47, 22, 2, 29, 3, 18, 13, 8, 20, 31, 16, 26, 7, 30, 11, 9, 36, 1, 37, 19, 41, 38, 39, 34, 44, 42, 24, 33, 40, 43, 0, 21, 32, 4] | tabu_value=3 | iter_number=50
final_cost=8618 | time=1.3275294303894043 | route=[16, 7, 39, 1, 44, 33, 45, 27, 10, 35, 8, 13, 15, 12, 0, 43, 40, 14, 32, 4, 30, 11, 9, 23, 36, 46, 22, 3, 18, 2, 24, 17, 25, 31, 26, 20, 21, 5, 47, 28, 6, 42, 29, 37, 34, 38, 41, 19] | tabu_value=3 | iter_number=50
final_cost=7762 | time=1.5170235633850098 | route=[0, 12, 15, 47, 28, 6, 27, 9, 30, 21, 7, 32, 23, 38, 41, 1, 24, 40, 43, 42, 37, 19, 34, 39, 36, 46, 20, 16, 26, 31, 4, 11, 44, 29, 3, 18, 2, 22, 33, 17, 45, 10, 35, 13, 8, 5, 25, 14] | tabu_value=3 | iter_number=50
final_cost=7609 | time=1.5219993591308594 | route=[0, 14, 30, 32, 10, 15, 12, 28, 24, 42, 44, 34, 41, 38, 39, 23, 9, 11, 4, 31, 26, 16, 20, 8, 13, 46, 36, 1, 19, 37, 29, 3, 18, 2, 25, 21, 5, 35, 43, 40, 33, 22, 17, 45, 27, 6, 47, 7] | tabu_value=3 | iter_number=50
final_cost=7833 | time=1.3260326385498047 | route=[45, 15, 10, 35, 26, 16, 33, 24, 2, 18, 3, 29, 37, 44, 42, 22, 17, 5, 13, 8, 7, 32, 14, 39, 38, 41, 34, 19, 1, 9, 11, 4, 31, 20, 21, 25, 40, 43, 0, 12, 47, 28, 6, 27, 46, 36, 23, 30] | tabu_value=3 | iter_number=50
final_cost=8188 | time=1.2875332832336426 | route=[11, 9, 30, 4, 31, 26, 16, 20, 46, 22, 18, 3, 37, 19, 34, 29, 2, 24, 33, 17, 45, 27, 25, 7, 21, 5, 47, 12, 10, 35, 13, 8, 32, 14, 23, 36, 39, 1, 44, 42, 40, 43, 0, 28, 6, 41, 38, 15] | tabu_value=3 | iter_number=50
final_cost=6937 | time=1.2559990882873535 | route=[5, 21, 7, 32, 31, 26, 16, 20, 8, 13, 35, 10, 47, 6, 27, 17, 25, 14, 46, 36, 1, 44, 45, 28, 15, 12, 0, 43, 40, 33, 22, 24, 2, 18, 3, 29, 37, 19, 34, 23, 30, 4, 11, 9, 39, 38, 41, 42] | tabu_value=3 | iter_number=50
final_cost=6445 | time=1.255033254623413 | route=[33, 46, 36, 39, 38, 41, 34, 1, 44, 22, 17, 28, 15, 12, 0, 43, 40, 45, 27, 6, 47, 10, 13, 8, 20, 26, 16, 31, 4, 11, 9, 30, 23, 42, 24, 2, 18, 3, 29, 37, 19, 14, 32, 7, 21, 5, 35, 25] | tabu_value=3 | iter_number=50
final_cost=6191 | time=1.301499605178833 | route=[1, 39, 38, 41, 29, 18, 3, 44, 36, 23, 14, 32, 7, 25, 21, 5, 10, 15, 47, 35, 13, 8, 20, 16, 26, 31, 4, 11, 9, 30, 34, 19, 37, 42, 2, 24, 22, 33, 40, 43, 0, 12, 28, 6, 27, 45, 17, 46] | tabu_value=3 | iter_number=50
final_cost=7698 | time=1.2969846725463867 | route=[12, 46, 36, 23, 30, 32, 4, 21, 5, 25, 39, 38, 41, 19, 37, 29, 22, 33, 34, 1, 44, 42, 24, 2, 3, 18, 40, 45, 17, 7, 20, 16, 26, 31, 8, 13, 35, 28, 6, 47, 10, 15, 0, 43, 27, 14, 9, 11] | tabu_value=3 | iter_number=50
final_cost=8620 | time=1.3104987144470215 | route=[29, 3, 31, 26, 16, 17, 22, 24, 18, 2, 45, 27, 6, 28, 47, 10, 35, 5, 21, 20, 8, 13, 15, 12, 0, 43, 40, 33, 46, 11, 9, 42, 44, 1, 41, 38, 25, 7, 14, 23, 36, 39, 30, 4, 32, 34, 19, 37] | tabu_value=3 | iter_number=50
final_cost=7825 | time=1.2414960861206055 | route=[29, 24, 40, 43, 0, 16, 26, 30, 23, 34, 41, 38, 9, 11, 4, 31, 20, 8, 13, 35, 15, 12, 47, 5, 21, 7, 32, 14, 25, 10, 28, 6, 27, 39, 36, 46, 33, 42, 44, 1, 19, 37, 3, 18, 2, 45, 17, 22] | tabu_value=3 | iter_number=50
final_cost=7411 | time=1.2910373210906982 | route=[40, 16, 26, 31, 20, 8, 13, 45, 2, 18, 3, 29, 42, 24, 43, 27, 6, 28, 0, 12, 47, 15, 10, 35, 5, 23, 30, 9, 11, 4, 32, 7, 21, 25, 46, 44, 1, 34, 36, 39, 38, 41, 19, 37, 22, 33, 17, 14] | tabu_value=3 | iter_number=50
final_cost=8009 | time=1.4245002269744873 | route=[38, 46, 27, 6, 28, 0, 43, 40, 37, 19, 41, 34, 39, 1, 44, 42, 16, 26, 31, 4, 11, 9, 14, 25, 5, 10, 15, 12, 35, 13, 8, 20, 21, 17, 45, 33, 22, 24, 2, 18, 3, 29, 36, 23, 30, 32, 7, 47] | tabu_value=3 | iter_number=50
final_cost=7640 | time=1.348031997680664 | route=[32, 10, 15, 12, 39, 38, 41, 34, 19, 37, 44, 42, 9, 11, 4, 31, 26, 16, 20, 21, 5, 28, 0, 6, 27, 45, 33, 22, 2, 24, 40, 43, 17, 46, 36, 23, 30, 14, 25, 7, 8, 13, 35, 47, 18, 3, 29, 1] | tabu_value=3 | iter_number=50
final_cost=7724 | time=1.5649998188018799 | route=[35, 25, 39, 38, 41, 34, 19, 37, 29, 3, 7, 21, 5, 10, 47, 12, 6, 27, 22, 44, 1, 36, 46, 17, 45, 15, 13, 8, 4, 11, 9, 30, 23, 42, 2, 18, 24, 33, 40, 43, 0, 28, 14, 32, 20, 31, 26, 16] | tabu_value=3 | iter_number=50
final_cost=7318 | time=1.3345201015472412 | route=[6, 45, 17, 36, 39, 23, 9, 11, 4, 20, 8, 13, 5, 25, 46, 44, 37, 19, 41, 38, 34, 1, 42, 24, 2, 18, 3, 29, 22, 16, 26, 31, 0, 43, 40, 33, 14, 30, 32, 7, 21, 35, 10, 15, 47, 12, 28, 27] | tabu_value=3 | iter_number=50
final_cost=6729 | time=1.2659657001495361 | route=[18, 3, 29, 36, 39, 38, 41, 34, 1, 19, 37, 44, 46, 28, 15, 47, 12, 0, 33, 17, 45, 27, 6, 14, 9, 11, 4, 32, 7, 21, 20, 16, 26, 31, 8, 13, 35, 10, 5, 25, 30, 23, 42, 2, 24, 22, 40, 43] | tabu_value=3 | iter_number=50
final_cost=7555 | time=1.2690351009368896 | route=[28, 17, 42, 2, 24, 22, 33, 40, 43, 18, 3, 29, 44, 36, 46, 0, 12, 15, 10, 5, 8, 13, 35, 47, 6, 27, 14, 25, 21, 20, 7, 32, 30, 23, 39, 38, 41, 34, 19, 37, 1, 9, 11, 4, 31, 26, 16, 45] | tabu_value=3 | iter_number=50
final_cost=7312 | time=1.2820334434509277 | route=[44, 45, 27, 6, 0, 43, 40, 2, 24, 22, 46, 36, 32, 7, 21, 10, 15, 12, 28, 47, 35, 8, 13, 5, 25, 14, 30, 11, 9, 23, 39, 38, 41, 29, 18, 3, 37, 19, 34, 1, 42, 33, 17, 20, 16, 26, 31, 4] | tabu_value=3 | iter_number=50
final_cost=8019 | time=1.250605583190918 | route=[26, 16, 8, 13, 35, 5, 25, 10, 15, 0, 43, 40, 2, 39, 38, 41, 34, 44, 42, 24, 47, 12, 28, 6, 27, 45, 17, 14, 23, 36, 22, 33, 9, 11, 30, 4, 32, 7, 20, 31, 21, 46, 1, 19, 37, 3, 18, 29] | tabu_value=3 | iter_number=50
final_cost=7031 | time=1.271965503692627 | route=[47, 28, 6, 27, 45, 17, 14, 23, 9, 11, 30, 4, 32, 7, 20, 8, 13, 35, 5, 25, 10, 15, 12, 0, 43, 40, 42, 44, 1, 34, 19, 37, 29, 3, 18, 2, 24, 22, 33, 16, 26, 31, 41, 38, 39, 36, 46, 21] | tabu_value=3 | iter_number=50
final_cost=8515 | time=1.3004729747772217 | route=[43, 40, 0, 35, 16, 26, 31, 14, 23, 39, 36, 24, 2, 22, 21, 20, 8, 13, 10, 15, 12, 18, 3, 29, 34, 41, 38, 17, 45, 47, 28, 6, 27, 33, 42, 37, 19, 1, 46, 25, 5, 7, 32, 4, 30, 11, 9, 44] | tabu_value=3 | iter_number=50
final_cost=7809 | time=1.2765002250671387 | route=[2, 43, 6, 27, 14, 32, 4, 31, 26, 16, 20, 22, 24, 18, 3, 29, 37, 44, 40, 0, 28, 12, 15, 47, 10, 35, 8, 13, 5, 25, 17, 46, 36, 9, 11, 30, 7, 21, 45, 33, 42, 39, 38, 41, 34, 19, 1, 23] | tabu_value=3 | iter_number=50
final_cost=7239 | time=1.3034718036651611 | route=[8, 31, 26, 16, 20, 13, 35, 47, 6, 27, 18, 3, 2, 43, 0, 12, 28, 46, 36, 44, 1, 39, 38, 41, 34, 19, 37, 29, 42, 24, 22, 33, 17, 45, 15, 10, 5, 21, 7, 32, 30, 14, 23, 9, 11, 4, 25, 40] | tabu_value=3 | iter_number=50
final_cost=7306 | time=1.3395299911499023 | route=[0, 27, 46, 38, 41, 39, 42, 18, 3, 29, 44, 37, 19, 34, 1, 36, 23, 9, 11, 14, 17, 22, 33, 45, 28, 12, 15, 10, 35, 20, 16, 26, 31, 8, 13, 5, 25, 2, 24, 40, 43, 6, 47, 21, 7, 32, 30, 4] | tabu_value=3 | iter_number=50
final_cost=7369 | time=1.2840909957885742 | route=[29, 3, 18, 2, 35, 5, 21, 7, 14, 45, 40, 43, 0, 12, 28, 6, 27, 46, 36, 1, 44, 42, 24, 22, 17, 25, 31, 16, 26, 20, 13, 8, 32, 4, 30, 11, 9, 23, 39, 38, 41, 34, 19, 37, 33, 47, 10, 15] | tabu_value=3 | iter_number=50
final_cost=8496 | time=1.268540382385254 | route=[31, 29, 3, 17, 5, 16, 26, 20, 8, 13, 33, 22, 18, 2, 24, 40, 43, 6, 27, 45, 42, 44, 46, 25, 10, 15, 12, 0, 28, 47, 35, 14, 36, 1, 37, 19, 34, 41, 38, 39, 23, 32, 7, 21, 4, 30, 9, 11] | tabu_value=3 | iter_number=50
final_cost=8513 | time=1.288475751876831 | route=[26, 16, 31, 29, 3, 2, 24, 42, 46, 36, 1, 19, 37, 44, 47, 15, 10, 35, 5, 25, 22, 33, 14, 9, 11, 4, 32, 8, 13, 20, 21, 7, 30, 23, 34, 41, 38, 39, 17, 45, 40, 43, 0, 12, 28, 6, 27, 18] | tabu_value=3 | iter_number=50
final_cost=7697 | time=1.305032730102539 | route=[15, 46, 36, 39, 23, 30, 32, 7, 21, 8, 13, 35, 10, 47, 12, 44, 19, 37, 29, 42, 24, 22, 33, 17, 45, 27, 6, 28, 0, 43, 40, 18, 3, 2, 25, 5, 20, 26, 16, 31, 4, 1, 34, 41, 38, 11, 9, 14] | tabu_value=3 | iter_number=50
final_cost=7814 | time=1.2730309963226318 | route=[2, 22, 45, 28, 10, 35, 5, 14, 32, 4, 30, 38, 39, 46, 27, 6, 0, 43, 40, 42, 36, 11, 9, 23, 44, 37, 19, 41, 34, 1, 29, 3, 18, 24, 33, 17, 25, 7, 8, 13, 15, 12, 47, 20, 16, 26, 31, 21] | tabu_value=3 | iter_number=50
final_cost=6629 | time=1.2774994373321533 | route=[20, 21, 7, 30, 9, 11, 4, 32, 14, 23, 36, 42, 44, 1, 34, 41, 38, 39, 46, 25, 5, 10, 12, 15, 35, 13, 8, 16, 26, 31, 17, 33, 22, 24, 19, 37, 29, 3, 18, 2, 40, 43, 45, 27, 6, 28, 0, 47] | tabu_value=3 | iter_number=50
final_cost=8472 | time=1.3270220756530762 | route=[39, 28, 12, 15, 10, 5, 25, 17, 33, 22, 45, 35, 20, 16, 26, 31, 21, 7, 14, 46, 1, 19, 37, 29, 42, 13, 8, 32, 4, 30, 11, 9, 23, 36, 38, 41, 34, 44, 40, 43, 0, 6, 27, 24, 2, 3, 18, 47] | tabu_value=3 | iter_number=50
final_cost=7459 | time=1.242508888244629 | route=[12, 10, 5, 13, 8, 35, 0, 40, 18, 3, 29, 44, 23, 9, 11, 4, 30, 14, 38, 41, 19, 37, 46, 15, 47, 28, 6, 27, 43, 45, 36, 39, 34, 1, 42, 2, 24, 22, 33, 17, 25, 32, 7, 21, 20, 31, 16, 26] | tabu_value=3 | iter_number=50
final_cost=8164 | time=1.282012939453125 | route=[24, 6, 28, 20, 26, 16, 31, 4, 30, 11, 9, 27, 0, 12, 47, 5, 25, 14, 36, 46, 45, 43, 40, 44, 37, 29, 3, 2, 7, 32, 23, 39, 38, 41, 34, 19, 1, 42, 22, 33, 15, 10, 35, 13, 8, 21, 17, 18] | tabu_value=3 | iter_number=50
final_cost=7504 | time=1.2610344886779785 | route=[28, 33, 22, 37, 29, 3, 18, 2, 24, 27, 6, 0, 10, 5, 21, 7, 32, 30, 9, 11, 4, 31, 20, 35, 47, 12, 15, 8, 16, 26, 25, 17, 43, 40, 45, 14, 23, 36, 39, 38, 41, 34, 19, 1, 44, 42, 46, 13] | tabu_value=3 | iter_number=50
final_cost=7338 | time=1.3149991035461426 | route=[7, 18, 3, 29, 37, 19, 34, 41, 38, 39, 36, 1, 44, 40, 43, 17, 25, 14, 32, 21, 8, 13, 15, 47, 12, 0, 28, 6, 27, 45, 33, 22, 24, 2, 42, 46, 23, 30, 31, 16, 26, 35, 10, 5, 9, 11, 4, 20] | tabu_value=3 | iter_number=50
final_cost=8040 | time=1.28702974319458 | route=[26, 46, 36, 44, 42, 22, 33, 40, 43, 0, 28, 12, 15, 47, 10, 32, 4, 30, 11, 9, 14, 6, 27, 45, 1, 19, 37, 29, 3, 18, 2, 24, 20, 16, 31, 8, 13, 35, 25, 23, 39, 38, 41, 34, 17, 5, 21, 7] | tabu_value=3 | iter_number=50
final_cost=6608 | time=1.2655589580535889 | route=[10, 2, 18, 3, 29, 37, 19, 41, 38, 39, 34, 1, 44, 46, 45, 28, 6, 27, 14, 11, 9, 23, 36, 42, 24, 43, 40, 33, 22, 17, 25, 5, 20, 16, 26, 31, 4, 30, 32, 7, 21, 8, 13, 15, 12, 0, 47, 35] | tabu_value=3 | iter_number=50
final_cost=7337 | time=1.2908287048339844 | route=[27, 38, 41, 17, 47, 10, 35, 5, 32, 4, 31, 26, 16, 20, 8, 13, 15, 12, 0, 43, 40, 33, 7, 21, 25, 46, 44, 42, 22, 24, 2, 18, 3, 29, 37, 19, 34, 1, 39, 36, 23, 9, 11, 30, 14, 6, 28, 45] | tabu_value=3 | iter_number=50
final_cost=7182 | time=1.278491497039795 | route=[37, 19, 34, 41, 38, 39, 36, 23, 9, 11, 30, 14, 46, 17, 45, 27, 6, 0, 43, 40, 33, 22, 20, 16, 26, 31, 8, 13, 15, 12, 47, 35, 5, 10, 28, 24, 42, 44, 1, 29, 3, 18, 2, 7, 32, 4, 21, 25] | tabu_value=3 | iter_number=50
final_cost=7639 | time=1.3034999370574951 | route=[14, 35, 47, 6, 27, 42, 44, 34, 41, 38, 4, 31, 26, 16, 20, 8, 13, 5, 25, 17, 18, 3, 2, 24, 22, 33, 40, 43, 0, 12, 28, 45, 46, 36, 39, 23, 9, 11, 30, 32, 7, 21, 10, 15, 1, 19, 37, 29] | tabu_value=3 | iter_number=50
final_cost=6793 | time=2.5745339393615723 | route=[8, 5, 17, 22, 33, 40, 43, 0, 12, 15, 10, 35, 13, 31, 26, 16, 20, 21, 47, 28, 6, 27, 45, 24, 42, 2, 18, 3, 29, 44, 36, 23, 14, 9, 11, 30, 4, 32, 7, 25, 46, 39, 34, 1, 37, 19, 41, 38] | tabu_value=3 | iter_number=100
final_cost=7513 | time=2.633086919784546 | route=[37, 19, 1, 44, 29, 42, 33, 17, 45, 43, 40, 24, 3, 18, 2, 22, 13, 8, 26, 16, 21, 46, 34, 41, 38, 39, 36, 23, 9, 11, 30, 14, 25, 10, 47, 28, 6, 27, 0, 12, 15, 35, 5, 7, 32, 4, 31, 20] | tabu_value=3 | iter_number=100
final_cost=6841 | time=2.56300950050354 | route=[45, 33, 42, 22, 17, 25, 5, 21, 8, 13, 35, 47, 12, 15, 10, 32, 30, 14, 23, 39, 38, 41, 46, 7, 20, 16, 26, 31, 4, 11, 9, 36, 44, 1, 34, 19, 37, 29, 3, 18, 2, 24, 27, 6, 28, 0, 40, 43] | tabu_value=3 | iter_number=100
final_cost=7329 | time=2.6251049041748047 | route=[18, 2, 42, 34, 41, 38, 39, 36, 23, 32, 21, 7, 4, 30, 11, 9, 14, 27, 6, 0, 12, 31, 26, 16, 20, 8, 13, 28, 33, 22, 1, 19, 37, 44, 29, 3, 24, 40, 43, 45, 17, 46, 25, 5, 47, 15, 10, 35] | tabu_value=3 | iter_number=100
final_cost=8108 | time=2.6759207248687744 | route=[22, 33, 27, 6, 35, 13, 8, 5, 17, 45, 40, 43, 0, 12, 15, 10, 21, 32, 14, 23, 36, 46, 25, 20, 16, 26, 31, 4, 42, 44, 29, 3, 18, 2, 24, 28, 47, 7, 30, 11, 39, 38, 41, 34, 19, 37, 1, 9] | tabu_value=3 | iter_number=100
final_cost=6374 | time=2.557515859603882 | route=[42, 1, 19, 37, 29, 3, 18, 33, 25, 5, 21, 7, 32, 30, 11, 9, 14, 17, 45, 27, 6, 28, 22, 39, 38, 41, 34, 44, 2, 24, 40, 43, 0, 12, 47, 15, 10, 35, 13, 8, 20, 16, 26, 31, 4, 23, 36, 46] | tabu_value=3 | iter_number=100
final_cost=7047 | time=2.6871707439422607 | route=[10, 5, 21, 7, 25, 14, 32, 30, 11, 9, 36, 1, 44, 42, 22, 33, 6, 28, 0, 43, 40, 24, 2, 18, 3, 29, 35, 13, 8, 20, 16, 26, 31, 4, 23, 39, 38, 41, 34, 19, 37, 46, 17, 47, 15, 12, 27, 45] | tabu_value=3 | iter_number=100
final_cost=7798 | time=2.613650321960449 | route=[43, 40, 3, 18, 2, 24, 33, 45, 47, 12, 15, 10, 35, 25, 9, 11, 4, 31, 26, 16, 20, 21, 46, 39, 38, 41, 34, 19, 37, 29, 28, 0, 6, 27, 14, 23, 32, 7, 8, 13, 5, 17, 22, 42, 44, 1, 36, 30] | tabu_value=3 | iter_number=100
final_cost=6599 | time=2.8439998626708984 | route=[33, 22, 24, 2, 18, 3, 29, 41, 38, 39, 23, 11, 4, 31, 16, 26, 20, 8, 13, 15, 12, 28, 46, 36, 44, 1, 34, 19, 37, 42, 40, 43, 0, 21, 7, 32, 30, 9, 14, 25, 45, 27, 6, 47, 10, 35, 5, 17] | tabu_value=3 | iter_number=100
final_cost=8018 | time=2.7455341815948486 | route=[41, 38, 47, 10, 5, 21, 7, 32, 14, 23, 36, 39, 9, 11, 30, 4, 20, 8, 13, 35, 6, 27, 44, 1, 34, 19, 37, 29, 3, 18, 25, 31, 26, 16, 15, 12, 0, 43, 40, 33, 22, 24, 2, 42, 46, 17, 45, 28] | tabu_value=3 | iter_number=100
final_cost=7442 | time=2.5198893547058105 | route=[6, 28, 47, 5, 16, 26, 31, 20, 18, 3, 29, 37, 34, 41, 38, 39, 1, 44, 2, 24, 42, 46, 23, 30, 4, 32, 7, 21, 8, 13, 35, 0, 43, 40, 33, 22, 17, 45, 27, 12, 15, 10, 25, 14, 9, 11, 36, 19] | tabu_value=3 | iter_number=100
final_cost=8913 | time=2.4760220050811768 | route=[35, 10, 28, 29, 37, 44, 27, 6, 0, 31, 20, 8, 13, 15, 12, 47, 5, 21, 25, 17, 2, 3, 18, 33, 45, 22, 24, 42, 46, 36, 30, 11, 9, 23, 34, 19, 1, 4, 26, 16, 7, 32, 14, 39, 38, 41, 40, 43] | tabu_value=3 | iter_number=100
final_cost=8010 | time=2.556529998779297 | route=[9, 32, 7, 5, 35, 10, 21, 4, 11, 30, 39, 38, 41, 3, 18, 29, 36, 46, 45, 27, 6, 28, 47, 12, 0, 43, 40, 24, 2, 44, 1, 19, 34, 42, 22, 33, 15, 13, 8, 20, 16, 26, 31, 25, 17, 14, 23, 37] | tabu_value=3 | iter_number=100
final_cost=7775 | time=2.5693612098693848 | route=[29, 18, 3, 37, 19, 39, 23, 30, 4, 32, 7, 25, 22, 42, 44, 36, 9, 11, 14, 17, 45, 33, 40, 24, 2, 1, 34, 41, 38, 46, 5, 21, 31, 26, 16, 20, 13, 15, 12, 0, 43, 27, 6, 28, 47, 10, 35, 8] | tabu_value=3 | iter_number=100
final_cost=7806 | time=2.4970362186431885 | route=[12, 0, 28, 44, 1, 34, 19, 37, 29, 42, 24, 22, 33, 43, 40, 2, 18, 3, 47, 10, 35, 5, 25, 46, 36, 23, 30, 9, 11, 4, 31, 26, 16, 41, 38, 39, 27, 6, 15, 13, 8, 20, 21, 7, 32, 14, 17, 45] | tabu_value=3 | iter_number=100
final_cost=7472 | time=2.716721534729004 | route=[42, 25, 21, 8, 13, 20, 16, 26, 31, 7, 32, 4, 30, 36, 29, 3, 18, 15, 10, 35, 5, 14, 11, 9, 23, 46, 6, 28, 12, 47, 22, 37, 19, 34, 41, 38, 39, 1, 44, 2, 24, 33, 17, 45, 27, 0, 43, 40] | tabu_value=3 | iter_number=100
final_cost=7203 | time=2.6551597118377686 | route=[1, 29, 3, 18, 2, 24, 22, 33, 47, 21, 7, 32, 4, 30, 11, 9, 14, 23, 39, 38, 41, 44, 42, 40, 43, 28, 12, 15, 10, 5, 25, 36, 34, 19, 37, 46, 17, 45, 27, 6, 35, 31, 16, 26, 20, 8, 13, 0] | tabu_value=3 | iter_number=100
final_cost=5974 | time=2.5064992904663086 | route=[7, 21, 5, 10, 15, 47, 12, 0, 28, 6, 27, 43, 40, 45, 17, 24, 2, 18, 3, 29, 37, 19, 36, 46, 22, 42, 44, 1, 34, 41, 38, 39, 23, 14, 9, 11, 30, 32, 4, 31, 26, 16, 20, 8, 13, 35, 25, 33] | tabu_value=3 | iter_number=100
final_cost=7284 | time=2.539529323577881 | route=[6, 28, 47, 5, 21, 30, 9, 23, 36, 39, 1, 44, 42, 37, 29, 3, 18, 2, 24, 22, 33, 45, 17, 25, 7, 32, 14, 38, 41, 34, 46, 27, 40, 43, 0, 12, 15, 10, 35, 13, 8, 20, 16, 26, 31, 4, 11, 19] | tabu_value=3 | iter_number=100
final_cost=6835 | time=2.559509038925171 | route=[12, 15, 13, 8, 20, 7, 30, 9, 32, 21, 5, 35, 10, 17, 46, 22, 33, 2, 18, 3, 29, 41, 38, 14, 25, 16, 26, 31, 4, 11, 23, 36, 39, 1, 34, 19, 37, 44, 42, 24, 40, 43, 45, 27, 6, 0, 28, 47] | tabu_value=3 | iter_number=100
final_cost=6348 | time=2.495511531829834 | route=[42, 44, 36, 23, 14, 25, 7, 32, 30, 9, 11, 4, 31, 26, 16, 20, 6, 27, 45, 17, 33, 24, 22, 46, 39, 38, 41, 34, 1, 19, 37, 29, 3, 18, 2, 40, 43, 0, 28, 47, 15, 10, 35, 13, 8, 21, 5, 12] | tabu_value=3 | iter_number=100
final_cost=7222 | time=2.472100257873535 | route=[28, 35, 16, 26, 21, 25, 14, 38, 41, 39, 30, 32, 7, 5, 10, 15, 47, 12, 0, 6, 27, 43, 40, 45, 17, 33, 22, 42, 1, 34, 19, 37, 44, 29, 3, 18, 2, 24, 36, 23, 9, 11, 4, 31, 20, 8, 13, 46] | tabu_value=3 | iter_number=100
final_cost=7598 | time=2.48710298538208 | route=[23, 11, 9, 14, 27, 6, 28, 12, 47, 15, 10, 5, 32, 4, 31, 26, 16, 36, 39, 38, 41, 19, 34, 30, 7, 17, 45, 33, 24, 2, 18, 3, 29, 37, 1, 44, 42, 40, 43, 0, 35, 13, 8, 20, 21, 25, 46, 22] | tabu_value=3 | iter_number=100
final_cost=7107 | time=2.5770297050476074 | route=[10, 28, 33, 22, 42, 44, 36, 46, 25, 5, 35, 13, 8, 31, 26, 16, 20, 21, 15, 12, 47, 7, 32, 4, 30, 11, 9, 39, 38, 41, 19, 37, 29, 3, 18, 2, 24, 40, 0, 6, 27, 45, 17, 14, 23, 34, 1, 43] | tabu_value=3 | iter_number=100
final_cost=8688 | time=2.5585834980010986 | route=[5, 17, 18, 3, 37, 19, 1, 42, 22, 33, 45, 47, 10, 35, 21, 30, 11, 9, 38, 41, 34, 4, 31, 26, 16, 20, 15, 12, 0, 28, 6, 43, 40, 27, 13, 8, 25, 24, 2, 29, 44, 46, 7, 32, 14, 23, 36, 39] | tabu_value=3 | iter_number=100
final_cost=6898 | time=2.5851593017578125 | route=[13, 8, 4, 11, 9, 23, 39, 36, 46, 17, 25, 21, 16, 26, 31, 20, 35, 10, 15, 47, 12, 0, 43, 40, 24, 2, 18, 3, 29, 44, 37, 19, 34, 41, 38, 1, 42, 33, 45, 27, 6, 28, 5, 7, 32, 30, 14, 22] | tabu_value=3 | iter_number=100
final_cost=8001 | time=2.532029628753662 | route=[27, 17, 41, 38, 39, 32, 7, 8, 13, 35, 15, 12, 0, 43, 40, 24, 42, 36, 46, 25, 31, 26, 16, 20, 21, 5, 10, 47, 28, 6, 45, 44, 37, 19, 34, 23, 30, 14, 33, 22, 2, 18, 3, 29, 1, 9, 11, 4] | tabu_value=3 | iter_number=100
final_cost=8004 | time=2.593578338623047 | route=[29, 37, 19, 1, 30, 4, 31, 26, 16, 20, 21, 10, 15, 6, 27, 14, 9, 11, 33, 22, 2, 18, 3, 24, 40, 43, 0, 12, 35, 13, 8, 5, 17, 46, 25, 7, 32, 23, 36, 34, 41, 38, 39, 44, 42, 45, 28, 47] | tabu_value=3 | iter_number=100
final_cost=7108 | time=2.4640002250671387 | route=[40, 43, 0, 7, 4, 30, 11, 9, 23, 14, 17, 24, 2, 18, 3, 29, 37, 19, 41, 34, 1, 44, 42, 22, 33, 45, 47, 35, 5, 10, 15, 12, 28, 6, 27, 46, 36, 38, 39, 25, 21, 20, 16, 26, 31, 8, 13, 32] | tabu_value=3 | iter_number=100
final_cost=6251 | time=2.523563861846924 | route=[9, 14, 17, 40, 43, 0, 12, 47, 15, 10, 35, 5, 25, 46, 42, 44, 37, 29, 3, 18, 2, 22, 24, 1, 19, 34, 41, 38, 39, 36, 23, 30, 11, 4, 32, 7, 21, 31, 26, 16, 20, 8, 13, 28, 6, 27, 45, 33] | tabu_value=3 | iter_number=100
final_cost=7075 | time=2.6320009231567383 | route=[14, 32, 4, 11, 38, 39, 36, 25, 7, 30, 9, 23, 46, 17, 45, 27, 15, 13, 8, 16, 26, 31, 20, 33, 22, 2, 18, 3, 29, 37, 19, 41, 34, 1, 44, 42, 24, 40, 43, 0, 12, 47, 21, 5, 35, 10, 28, 6] | tabu_value=3 | iter_number=100
final_cost=8092 | time=2.8289997577667236 | route=[5, 35, 14, 23, 9, 11, 30, 27, 6, 28, 12, 0, 43, 2, 18, 3, 29, 42, 47, 10, 8, 31, 20, 21, 7, 32, 25, 17, 46, 36, 39, 34, 1, 44, 37, 19, 41, 38, 4, 26, 16, 13, 15, 45, 33, 22, 24, 40] | tabu_value=3 | iter_number=100
final_cost=7678 | time=2.6384811401367188 | route=[7, 32, 21, 13, 8, 20, 16, 26, 31, 35, 47, 15, 10, 5, 25, 17, 33, 24, 22, 46, 14, 4, 30, 29, 3, 18, 2, 40, 43, 0, 12, 28, 27, 45, 42, 1, 34, 41, 38, 39, 9, 11, 23, 36, 19, 37, 44, 6] | tabu_value=3 | iter_number=100
final_cost=6505 | time=2.582599639892578 | route=[42, 24, 40, 43, 0, 15, 35, 5, 21, 7, 32, 30, 11, 9, 14, 23, 36, 39, 38, 41, 37, 29, 3, 18, 2, 22, 17, 45, 27, 6, 28, 12, 47, 10, 25, 46, 44, 1, 19, 34, 4, 31, 26, 16, 20, 8, 13, 33] | tabu_value=3 | iter_number=100
final_cost=7632 | time=2.559791326522827 | route=[40, 17, 46, 9, 11, 14, 12, 0, 43, 24, 18, 3, 29, 2, 33, 22, 42, 44, 37, 19, 34, 41, 38, 39, 36, 23, 32, 7, 28, 6, 27, 45, 25, 5, 8, 13, 35, 10, 15, 47, 21, 20, 16, 26, 31, 4, 30, 1] | tabu_value=3 | iter_number=100
final_cost=7020 | time=2.643554449081421 | route=[0, 6, 27, 45, 43, 40, 24, 2, 33, 22, 46, 14, 30, 9, 11, 4, 31, 26, 16, 20, 25, 17, 18, 3, 29, 37, 19, 41, 38, 39, 34, 1, 44, 42, 36, 32, 7, 21, 8, 13, 5, 35, 10, 15, 47, 12, 28, 23] | tabu_value=3 | iter_number=100
final_cost=7429 | time=2.672999143600464 | route=[1, 41, 38, 39, 36, 46, 17, 40, 43, 0, 35, 20, 16, 26, 31, 7, 32, 4, 11, 9, 34, 19, 37, 44, 42, 24, 2, 22, 33, 27, 6, 12, 15, 13, 8, 21, 25, 18, 3, 29, 23, 30, 14, 5, 10, 47, 28, 45] | tabu_value=3 | iter_number=100
final_cost=7860 | time=2.624182939529419 | route=[22, 33, 40, 43, 6, 27, 45, 3, 18, 2, 17, 26, 16, 8, 13, 5, 35, 10, 47, 15, 12, 0, 28, 24, 42, 29, 44, 1, 36, 46, 25, 21, 7, 14, 34, 37, 19, 41, 38, 39, 23, 30, 31, 20, 4, 11, 9, 32] | tabu_value=3 | iter_number=100
final_cost=7964 | time=2.5885257720947266 | route=[39, 1, 40, 43, 0, 28, 6, 27, 2, 18, 3, 29, 34, 9, 11, 30, 7, 17, 33, 22, 46, 23, 14, 32, 4, 31, 16, 26, 20, 21, 25, 24, 42, 44, 37, 19, 41, 38, 36, 5, 10, 47, 12, 15, 13, 8, 35, 45] | tabu_value=3 | iter_number=100
final_cost=6969 | time=2.623021364212036 | route=[31, 11, 9, 23, 36, 46, 17, 5, 13, 8, 20, 16, 26, 4, 30, 29, 3, 18, 2, 24, 33, 40, 43, 0, 12, 15, 10, 25, 14, 39, 38, 41, 34, 1, 19, 37, 44, 42, 22, 45, 27, 6, 28, 47, 35, 21, 7, 32] | tabu_value=3 | iter_number=100
final_cost=7386 | time=2.5366079807281494 | route=[1, 44, 42, 33, 27, 6, 28, 47, 5, 25, 22, 24, 2, 18, 3, 29, 37, 19, 41, 38, 23, 4, 26, 16, 35, 0, 43, 40, 34, 39, 36, 46, 17, 45, 14, 9, 11, 30, 32, 7, 21, 31, 20, 8, 13, 10, 15, 12] | tabu_value=3 | iter_number=100
final_cost=6912 | time=2.5950729846954346 | route=[27, 45, 17, 46, 19, 37, 29, 44, 1, 34, 41, 38, 39, 36, 22, 33, 24, 3, 18, 2, 42, 23, 30, 32, 7, 25, 40, 43, 0, 12, 15, 5, 21, 8, 13, 35, 10, 47, 28, 6, 14, 9, 11, 4, 20, 16, 26, 31] | tabu_value=3 | iter_number=100
final_cost=7796 | time=2.6585755348205566 | route=[33, 30, 4, 11, 9, 44, 29, 42, 2, 24, 36, 32, 7, 21, 5, 10, 35, 16, 26, 31, 20, 8, 13, 47, 22, 18, 3, 37, 41, 38, 39, 46, 17, 45, 40, 43, 27, 6, 28, 0, 12, 15, 25, 14, 23, 34, 19, 1] | tabu_value=3 | iter_number=100
final_cost=8150 | time=2.633100748062134 | route=[31, 33, 22, 24, 42, 44, 1, 39, 23, 32, 8, 13, 20, 16, 26, 4, 11, 9, 14, 25, 5, 21, 7, 30, 36, 46, 17, 15, 10, 35, 0, 43, 40, 27, 6, 28, 12, 47, 45, 2, 29, 37, 19, 41, 38, 34, 3, 18] | tabu_value=3 | iter_number=100
final_cost=7999 | time=2.629714250564575 | route=[0, 1, 37, 19, 34, 39, 23, 32, 4, 31, 26, 16, 20, 13, 8, 44, 3, 18, 29, 41, 38, 9, 11, 30, 14, 22, 33, 6, 28, 12, 47, 15, 10, 35, 5, 46, 36, 42, 2, 24, 40, 43, 27, 45, 17, 25, 7, 21] | tabu_value=3 | iter_number=100
final_cost=7278 | time=2.7695040702819824 | route=[17, 30, 11, 9, 23, 39, 36, 4, 31, 26, 16, 20, 21, 46, 44, 1, 34, 19, 37, 29, 3, 18, 2, 24, 40, 43, 0, 35, 8, 13, 5, 10, 15, 47, 12, 28, 6, 27, 25, 7, 32, 14, 45, 33, 22, 42, 41, 38] | tabu_value=3 | iter_number=100
final_cost=6872 | time=2.624032974243164 | route=[47, 12, 15, 10, 5, 21, 20, 16, 26, 31, 25, 14, 23, 46, 17, 45, 35, 13, 8, 7, 32, 4, 30, 11, 9, 24, 2, 18, 3, 29, 37, 19, 34, 41, 38, 39, 36, 40, 43, 0, 28, 6, 27, 33, 22, 42, 44, 1] | tabu_value=3 | iter_number=100
final_cost=7366 | time=2.550999641418457 | route=[0, 45, 33, 22, 17, 25, 7, 21, 8, 20, 16, 26, 31, 4, 32, 14, 23, 1, 19, 41, 38, 39, 36, 46, 42, 24, 40, 43, 27, 6, 28, 12, 15, 10, 5, 13, 35, 47, 2, 18, 3, 29, 37, 44, 9, 11, 30, 34] | tabu_value=3 | iter_number=100
final_cost=6471 | time=2.5311038494110107 | route=[47, 10, 15, 12, 28, 6, 0, 43, 40, 18, 3, 29, 44, 23, 9, 11, 14, 45, 17, 25, 7, 21, 5, 35, 27, 33, 22, 2, 24, 42, 46, 39, 38, 41, 34, 19, 37, 1, 36, 30, 32, 4, 31, 26, 16, 20, 8, 13] | tabu_value=3 | iter_number=100
final_cost=6800 | time=2.7270219326019287 | route=[46, 19, 37, 29, 3, 18, 27, 6, 47, 12, 15, 10, 35, 5, 21, 7, 8, 13, 31, 26, 16, 20, 25, 33, 22, 42, 44, 1, 34, 41, 38, 17, 45, 28, 0, 43, 40, 2, 24, 36, 23, 9, 11, 30, 4, 32, 14, 39] | tabu_value=3 | iter_number=100
final_cost=7671 | time=7.4632041454315186 | route=[26, 16, 0, 43, 40, 33, 22, 17, 14, 9, 11, 4, 31, 20, 21, 5, 10, 42, 44, 1, 19, 37, 29, 3, 18, 2, 24, 25, 7, 32, 30, 23, 39, 38, 41, 34, 36, 46, 27, 6, 12, 15, 13, 8, 35, 47, 28, 45] | tabu_value=3 | iter_number=300
final_cost=8208 | time=7.8223795890808105 | route=[31, 38, 41, 19, 37, 29, 24, 27, 6, 28, 0, 12, 47, 15, 13, 8, 25, 17, 43, 40, 33, 22, 45, 10, 35, 5, 21, 7, 32, 14, 23, 36, 46, 20, 16, 26, 4, 30, 11, 9, 39, 34, 1, 44, 42, 2, 18, 3] | tabu_value=3 | iter_number=300
final_cost=7855 | time=7.539753198623657 | route=[41, 38, 1, 40, 43, 45, 14, 23, 9, 11, 30, 32, 7, 25, 46, 22, 2, 18, 3, 29, 44, 36, 16, 26, 31, 4, 39, 34, 19, 37, 42, 24, 33, 17, 27, 6, 28, 0, 12, 15, 5, 21, 20, 8, 13, 35, 10, 47] | tabu_value=3 | iter_number=300
final_cost=8055 | time=7.860670566558838 | route=[5, 47, 6, 27, 14, 23, 34, 19, 41, 38, 39, 30, 7, 25, 36, 1, 44, 46, 45, 17, 31, 26, 16, 20, 8, 13, 35, 10, 15, 21, 32, 4, 11, 9, 28, 12, 0, 43, 40, 33, 22, 24, 42, 37, 29, 2, 18, 3] | tabu_value=3 | iter_number=300
final_cost=8078 | time=8.099529266357422 | route=[37, 42, 24, 35, 8, 13, 5, 25, 46, 1, 19, 34, 41, 38, 39, 36, 45, 27, 6, 28, 47, 10, 21, 7, 30, 23, 44, 29, 3, 18, 2, 9, 11, 4, 32, 14, 17, 33, 22, 31, 26, 16, 20, 15, 12, 0, 43, 40] | tabu_value=3 | iter_number=300
final_cost=7330 | time=7.946652173995972 | route=[22, 33, 24, 40, 43, 14, 9, 11, 30, 23, 36, 39, 38, 41, 34, 19, 37, 29, 3, 16, 26, 31, 8, 13, 35, 28, 6, 27, 0, 12, 15, 10, 47, 45, 42, 44, 1, 46, 25, 7, 32, 4, 20, 21, 5, 17, 18, 2] | tabu_value=3 | iter_number=300
final_cost=7298 | time=8.53251314163208 | route=[8, 20, 13, 5, 35, 10, 15, 47, 12, 28, 6, 27, 45, 44, 29, 37, 19, 34, 41, 38, 39, 1, 36, 23, 4, 31, 26, 16, 0, 43, 40, 24, 42, 9, 11, 30, 32, 7, 21, 17, 33, 18, 3, 2, 22, 46, 14, 25] | tabu_value=3 | iter_number=300
final_cost=7559 | time=7.724181652069092 | route=[31, 8, 13, 35, 10, 15, 34, 41, 38, 39, 46, 25, 14, 9, 11, 4, 32, 20, 16, 26, 21, 2, 18, 3, 29, 37, 19, 1, 36, 23, 30, 7, 5, 47, 12, 28, 6, 43, 40, 24, 42, 44, 22, 33, 17, 45, 27, 0] | tabu_value=3 | iter_number=300
final_cost=7084 | time=7.156084299087524 | route=[23, 14, 17, 45, 33, 22, 24, 42, 2, 40, 43, 0, 12, 15, 47, 28, 6, 27, 18, 3, 29, 30, 8, 13, 5, 35, 10, 44, 1, 37, 19, 34, 41, 38, 39, 9, 11, 4, 32, 7, 31, 26, 16, 20, 21, 25, 46, 36] | tabu_value=3 | iter_number=300
final_cost=7200 | time=7.7749669551849365 | route=[14, 38, 41, 19, 37, 29, 3, 18, 2, 42, 34, 39, 23, 9, 11, 30, 32, 4, 31, 26, 16, 20, 35, 28, 6, 27, 25, 10, 15, 47, 12, 0, 17, 45, 43, 40, 24, 33, 22, 46, 5, 13, 8, 21, 7, 36, 1, 44] | tabu_value=3 | iter_number=300
final_cost=7682 | time=7.220998525619507 | route=[22, 33, 24, 42, 44, 46, 17, 45, 27, 43, 40, 1, 34, 41, 38, 39, 23, 4, 26, 16, 36, 19, 37, 29, 3, 18, 2, 15, 13, 8, 20, 31, 5, 35, 10, 47, 28, 0, 6, 25, 14, 9, 11, 30, 32, 7, 21, 12] | tabu_value=3 | iter_number=300
final_cost=7632 | time=7.308013439178467 | route=[44, 4, 31, 26, 16, 20, 8, 13, 5, 35, 28, 6, 0, 12, 15, 10, 25, 14, 36, 46, 42, 2, 24, 22, 33, 45, 43, 40, 18, 3, 29, 37, 19, 1, 11, 9, 34, 41, 38, 39, 23, 30, 32, 7, 21, 17, 27, 47] | tabu_value=3 | iter_number=300
final_cost=7485 | time=6.887999773025513 | route=[19, 37, 6, 28, 0, 12, 47, 15, 10, 35, 5, 14, 9, 11, 4, 31, 26, 16, 36, 34, 1, 44, 42, 2, 24, 33, 22, 46, 25, 21, 20, 8, 13, 7, 32, 30, 23, 39, 38, 41, 29, 3, 18, 40, 43, 27, 17, 45] | tabu_value=3 | iter_number=300
final_cost=7393 | time=6.971034288406372 | route=[39, 46, 45, 43, 27, 6, 28, 12, 0, 40, 2, 18, 3, 29, 42, 24, 22, 33, 17, 25, 7, 20, 21, 5, 10, 47, 35, 13, 8, 32, 14, 38, 41, 34, 19, 37, 44, 1, 36, 23, 30, 9, 11, 4, 31, 16, 26, 15] | tabu_value=3 | iter_number=300
final_cost=7959 | time=8.078890562057495 | route=[40, 34, 19, 1, 46, 25, 21, 5, 28, 6, 27, 45, 17, 2, 18, 3, 29, 37, 44, 43, 0, 47, 20, 16, 26, 31, 4, 11, 14, 12, 15, 10, 35, 13, 8, 7, 32, 30, 9, 23, 22, 33, 24, 42, 36, 39, 41, 38] | tabu_value=3 | iter_number=300
final_cost=7737 | time=8.486560821533203 | route=[11, 9, 44, 37, 19, 1, 36, 30, 7, 21, 8, 13, 0, 43, 40, 33, 22, 45, 27, 5, 20, 16, 26, 31, 4, 32, 14, 25, 17, 46, 34, 41, 38, 39, 6, 12, 15, 10, 35, 47, 28, 24, 2, 18, 3, 29, 42, 23] | tabu_value=3 | iter_number=300
final_cost=7252 | time=8.38959550857544 | route=[3, 29, 37, 19, 34, 25, 35, 10, 15, 0, 43, 40, 17, 36, 39, 38, 41, 1, 44, 42, 2, 18, 24, 33, 22, 46, 23, 9, 11, 30, 14, 45, 27, 6, 28, 12, 47, 4, 32, 7, 21, 5, 13, 8, 20, 31, 26, 16] | tabu_value=3 | iter_number=300
final_cost=8610 | time=8.602611303329468 | route=[32, 30, 34, 41, 38, 39, 47, 15, 12, 28, 6, 27, 45, 46, 1, 19, 37, 29, 3, 35, 13, 8, 20, 16, 26, 31, 4, 11, 9, 14, 22, 33, 40, 43, 0, 10, 25, 23, 36, 44, 42, 24, 17, 5, 21, 7, 2, 18] | tabu_value=3 | iter_number=300
final_cost=7116 | time=8.477647542953491 | route=[22, 0, 12, 15, 47, 10, 35, 13, 8, 5, 25, 46, 1, 19, 37, 29, 3, 18, 2, 24, 27, 6, 28, 21, 7, 14, 23, 36, 45, 43, 40, 42, 44, 34, 41, 38, 39, 4, 31, 26, 16, 20, 32, 30, 11, 9, 17, 33] | tabu_value=3 | iter_number=300
final_cost=7559 | time=8.765633821487427 | route=[34, 3, 18, 2, 24, 42, 44, 1, 36, 23, 32, 14, 17, 45, 27, 6, 0, 28, 15, 10, 35, 5, 13, 8, 20, 16, 26, 31, 21, 7, 25, 46, 29, 37, 19, 41, 38, 39, 22, 33, 40, 43, 30, 9, 11, 4, 47, 12] | tabu_value=3 | iter_number=300
final_cost=8617 | time=8.673030614852905 | route=[37, 44, 1, 19, 34, 41, 38, 39, 14, 25, 7, 30, 9, 11, 4, 5, 6, 27, 45, 33, 22, 17, 31, 26, 16, 20, 0, 43, 40, 24, 36, 23, 32, 21, 13, 35, 10, 15, 47, 12, 28, 2, 18, 3, 29, 42, 46, 8] | tabu_value=3 | iter_number=300
final_cost=7476 | time=8.330040454864502 | route=[40, 33, 22, 1, 19, 34, 41, 38, 39, 9, 11, 2, 18, 3, 29, 37, 44, 42, 24, 43, 0, 28, 12, 47, 16, 26, 31, 20, 7, 46, 36, 23, 30, 4, 32, 14, 17, 45, 27, 6, 15, 13, 8, 21, 5, 35, 10, 25] | tabu_value=3 | iter_number=300
final_cost=6784 | time=8.75611138343811 | route=[11, 45, 27, 6, 28, 47, 10, 5, 13, 8, 21, 7, 4, 31, 26, 16, 20, 35, 15, 12, 0, 43, 40, 2, 18, 3, 29, 37, 19, 34, 1, 36, 23, 9, 30, 32, 14, 46, 17, 33, 22, 24, 42, 44, 41, 38, 39, 25] | tabu_value=3 | iter_number=300
final_cost=7836 | time=8.640928268432617 | route=[29, 37, 19, 34, 1, 44, 42, 17, 47, 28, 27, 45, 2, 18, 3, 24, 15, 13, 8, 20, 7, 32, 4, 11, 9, 14, 25, 35, 5, 21, 30, 23, 39, 38, 41, 36, 46, 22, 33, 40, 43, 0, 12, 10, 16, 26, 31, 6] | tabu_value=3 | iter_number=300
final_cost=7086 | time=8.582676649093628 | route=[28, 6, 45, 17, 46, 39, 38, 41, 19, 37, 29, 3, 18, 2, 22, 33, 21, 20, 8, 13, 5, 35, 10, 15, 12, 47, 27, 9, 11, 4, 31, 26, 16, 0, 43, 40, 24, 42, 44, 1, 34, 36, 23, 30, 32, 7, 25, 14] | tabu_value=3 | iter_number=300
final_cost=7871 | time=8.659766674041748 | route=[0, 28, 33, 44, 37, 29, 3, 18, 2, 9, 11, 14, 5, 10, 35, 13, 8, 16, 26, 4, 30, 32, 7, 20, 31, 21, 17, 22, 24, 42, 36, 23, 25, 15, 12, 47, 6, 27, 43, 40, 1, 19, 34, 41, 38, 39, 46, 45] | tabu_value=3 | iter_number=300
final_cost=7619 | time=8.582790851593018 | route=[44, 24, 40, 43, 42, 41, 38, 25, 21, 20, 16, 26, 31, 8, 13, 35, 10, 15, 47, 12, 0, 6, 27, 33, 22, 37, 19, 34, 36, 46, 17, 45, 28, 5, 7, 32, 4, 23, 39, 1, 29, 3, 18, 2, 14, 30, 9, 11] | tabu_value=3 | iter_number=300
final_cost=6459 | time=8.426694869995117 | route=[30, 32, 7, 25, 33, 22, 18, 3, 29, 42, 2, 24, 40, 43, 0, 13, 8, 20, 16, 26, 31, 4, 11, 9, 21, 5, 35, 10, 15, 47, 12, 28, 6, 27, 45, 17, 46, 14, 23, 39, 1, 34, 38, 41, 19, 37, 44, 36] | tabu_value=3 | iter_number=300
final_cost=7572 | time=8.960769891738892 | route=[38, 3, 18, 2, 24, 42, 36, 46, 17, 45, 27, 6, 28, 12, 15, 10, 35, 13, 8, 20, 21, 7, 32, 14, 22, 33, 40, 43, 0, 47, 5, 25, 9, 30, 23, 39, 41, 34, 1, 44, 29, 37, 19, 16, 26, 31, 4, 11] | tabu_value=3 | iter_number=300
final_cost=8609 | time=8.712171792984009 | route=[2, 31, 26, 16, 20, 21, 25, 17, 22, 33, 40, 43, 0, 6, 27, 45, 24, 18, 3, 13, 8, 38, 41, 34, 44, 42, 28, 12, 47, 15, 10, 35, 5, 7, 32, 14, 46, 29, 37, 19, 1, 36, 23, 9, 11, 4, 30, 39] | tabu_value=3 | iter_number=300
final_cost=8094 | time=8.857205152511597 | route=[36, 30, 4, 32, 39, 1, 42, 24, 2, 44, 34, 38, 41, 37, 29, 3, 18, 40, 43, 0, 28, 6, 27, 45, 33, 22, 17, 14, 11, 9, 23, 46, 12, 15, 13, 8, 20, 21, 7, 25, 5, 10, 47, 35, 31, 26, 16, 19] | tabu_value=3 | iter_number=300
final_cost=7342 | time=8.557866334915161 | route=[3, 41, 38, 17, 45, 27, 6, 0, 43, 40, 33, 22, 24, 42, 46, 14, 30, 7, 25, 15, 12, 47, 5, 21, 32, 4, 31, 26, 16, 20, 8, 13, 35, 10, 28, 2, 18, 29, 44, 36, 23, 9, 11, 39, 34, 1, 37, 19] | tabu_value=3 | iter_number=300
final_cost=7313 | time=8.527249336242676 | route=[32, 7, 13, 8, 20, 16, 26, 31, 4, 11, 9, 23, 34, 19, 1, 42, 24, 40, 43, 0, 12, 47, 10, 35, 25, 39, 38, 41, 36, 46, 27, 6, 28, 5, 21, 30, 14, 17, 33, 2, 18, 3, 29, 37, 44, 22, 45, 15] | tabu_value=3 | iter_number=300
final_cost=9324 | time=8.986425638198853 | route=[13, 30, 34, 41, 38, 39, 11, 9, 23, 36, 44, 29, 37, 19, 1, 47, 10, 35, 8, 31, 26, 16, 20, 5, 15, 12, 22, 24, 33, 7, 21, 25, 17, 45, 43, 40, 2, 42, 4, 32, 14, 46, 27, 6, 0, 28, 18, 3] | tabu_value=3 | iter_number=300
final_cost=7661 | time=8.618354797363281 | route=[3, 18, 40, 43, 6, 27, 45, 24, 2, 29, 34, 38, 41, 19, 37, 44, 46, 25, 14, 11, 9, 39, 1, 42, 22, 33, 28, 0, 12, 15, 17, 36, 23, 30, 4, 32, 7, 47, 10, 35, 5, 21, 13, 8, 20, 16, 26, 31] | tabu_value=3 | iter_number=300
final_cost=7937 | time=8.65569281578064 | route=[40, 33, 22, 2, 24, 42, 44, 1, 41, 38, 23, 4, 32, 7, 8, 13, 35, 29, 37, 19, 34, 39, 36, 46, 45, 17, 5, 21, 31, 26, 16, 20, 25, 3, 18, 43, 0, 28, 6, 27, 30, 11, 9, 14, 12, 47, 15, 10] | tabu_value=3 | iter_number=300
final_cost=6836 | time=8.742622375488281 | route=[17, 29, 3, 18, 2, 24, 43, 40, 33, 22, 25, 5, 21, 7, 30, 11, 9, 23, 39, 38, 41, 34, 36, 27, 6, 0, 28, 46, 1, 19, 37, 44, 42, 45, 47, 12, 15, 10, 35, 13, 8, 20, 16, 26, 31, 4, 32, 14] | tabu_value=3 | iter_number=300
final_cost=7706 | time=8.6336829662323 | route=[16, 26, 25, 45, 17, 46, 38, 41, 19, 37, 18, 3, 29, 1, 34, 39, 23, 30, 32, 7, 21, 5, 47, 28, 6, 27, 33, 22, 24, 2, 42, 44, 4, 31, 20, 8, 13, 35, 10, 15, 12, 0, 43, 40, 14, 9, 11, 36] | tabu_value=3 | iter_number=300
final_cost=7223 | time=7.363442897796631 | route=[40, 24, 3, 29, 37, 42, 22, 33, 45, 27, 6, 28, 15, 10, 21, 7, 32, 4, 11, 9, 30, 23, 39, 38, 41, 43, 0, 12, 47, 35, 13, 8, 31, 26, 16, 20, 14, 36, 34, 19, 1, 44, 46, 25, 5, 17, 2, 18] | tabu_value=3 | iter_number=300
final_cost=8254 | time=7.295030832290649 | route=[36, 4, 31, 20, 25, 24, 2, 22, 33, 47, 10, 15, 12, 28, 0, 43, 37, 19, 34, 23, 9, 11, 30, 46, 42, 44, 1, 39, 38, 41, 29, 3, 18, 14, 32, 7, 21, 5, 13, 8, 26, 16, 35, 6, 27, 17, 45, 40] | tabu_value=3 | iter_number=300
final_cost=7698 | time=7.060035228729248 | route=[37, 44, 17, 45, 43, 40, 24, 42, 29, 3, 18, 2, 22, 33, 27, 6, 0, 28, 13, 8, 31, 20, 32, 30, 11, 9, 23, 14, 25, 7, 21, 5, 10, 15, 12, 47, 35, 26, 16, 46, 36, 39, 1, 34, 19, 41, 38, 4] | tabu_value=3 | iter_number=300
final_cost=7599 | time=7.248034238815308 | route=[0, 27, 22, 42, 19, 41, 38, 30, 7, 21, 32, 14, 46, 44, 1, 39, 36, 23, 9, 11, 4, 31, 26, 16, 20, 10, 15, 12, 28, 6, 43, 40, 45, 17, 25, 5, 8, 13, 35, 47, 33, 24, 2, 18, 3, 29, 37, 34] | tabu_value=3 | iter_number=300
final_cost=8869 | time=7.273035764694214 | route=[30, 23, 44, 29, 3, 18, 2, 31, 26, 16, 20, 25, 17, 33, 22, 14, 11, 9, 36, 1, 19, 37, 42, 35, 13, 8, 5, 46, 34, 41, 38, 39, 4, 32, 7, 21, 0, 43, 40, 45, 27, 6, 28, 47, 10, 15, 12, 24] | tabu_value=3 | iter_number=300
final_cost=7770 | time=7.02203369140625 | route=[10, 35, 5, 7, 32, 4, 31, 20, 8, 13, 47, 12, 0, 27, 14, 30, 23, 36, 46, 25, 26, 16, 21, 17, 18, 3, 29, 37, 40, 43, 1, 19, 34, 41, 38, 39, 9, 11, 44, 42, 2, 24, 22, 33, 45, 6, 28, 15] | tabu_value=3 | iter_number=300
final_cost=7512 | time=7.130037784576416 | route=[27, 15, 13, 8, 20, 35, 28, 6, 45, 17, 16, 26, 31, 4, 11, 9, 36, 44, 1, 34, 39, 23, 14, 30, 32, 7, 21, 0, 43, 40, 24, 2, 18, 3, 29, 37, 19, 41, 38, 46, 25, 5, 10, 47, 12, 22, 42, 33] | tabu_value=3 | iter_number=300
final_cost=7500 | time=6.955036163330078 | route=[4, 11, 9, 14, 25, 5, 10, 15, 45, 17, 33, 27, 6, 28, 12, 47, 20, 16, 26, 31, 24, 2, 18, 3, 29, 34, 41, 38, 39, 46, 22, 42, 44, 37, 19, 1, 36, 23, 30, 32, 7, 21, 8, 35, 0, 43, 40, 13] | tabu_value=3 | iter_number=300
final_cost=7995 | time=6.976034641265869 | route=[21, 8, 13, 15, 12, 28, 6, 27, 45, 17, 9, 11, 44, 29, 37, 1, 36, 23, 14, 32, 7, 5, 35, 10, 25, 46, 39, 38, 41, 42, 22, 33, 2, 3, 18, 24, 40, 43, 0, 47, 20, 16, 26, 31, 4, 30, 34, 19] | tabu_value=3 | iter_number=300
final_cost=7770 | time=7.158035516738892 | route=[26, 16, 31, 20, 8, 30, 34, 19, 37, 1, 36, 46, 33, 45, 17, 25, 14, 23, 9, 11, 4, 32, 7, 21, 5, 0, 43, 40, 27, 6, 47, 15, 13, 35, 10, 29, 3, 18, 2, 24, 22, 42, 44, 41, 38, 39, 28, 12] | tabu_value=3 | iter_number=300
final_cost=7348 | time=6.93002462387085 | route=[5, 47, 12, 0, 6, 27, 46, 36, 1, 19, 34, 39, 38, 41, 37, 29, 18, 3, 44, 42, 2, 24, 22, 23, 9, 11, 30, 14, 17, 45, 28, 15, 10, 35, 31, 26, 16, 21, 7, 8, 13, 43, 40, 33, 25, 32, 4, 20] | tabu_value=3 | iter_number=300
final_cost=7140 | time=6.972030162811279 | route=[20, 13, 15, 12, 0, 6, 27, 45, 17, 28, 47, 10, 35, 5, 25, 46, 1, 34, 36, 23, 9, 11, 30, 4, 32, 8, 31, 26, 16, 21, 7, 14, 39, 38, 41, 19, 42, 24, 22, 33, 43, 40, 2, 18, 3, 29, 37, 44] | tabu_value=3 | iter_number=300
